10
34
+ 25 0,0 1,0 0,1 2,0 1,1
+ 12 0,2 1,2 2,2
+ 18 0,3 1,3 2,3
x 32 0,4 0,5 0,6
+ 19 0,9 1,9 2,9
- 2 1,4 2,4
- 5 1,5 1,6
- 1 1,8 2,8
! 6 2,1
+ 41 2,5 3,5 2,6 0,7 1,7 0,8 2,7 4,5
x 720 3,0 4,0 3,1 4,1 5,1
x 4320 3,2 4,2 3,3 4,3 4,4
! 7 3,4
+ 15 3,6 3,7 4,7
- 3 3,8 4,8
- 7 3,9 4,9
- 3 4,6 5,6
- 4 5,0 6,0
+ 19 5,2 5,3 6,3
+ 34 5,4 6,4 5,5 6,5 6,6
x 30 5,7 5,8 5,9
x 2800 6,1 7,1 6,2 7,2
/ 2 6,8 7,8
! 2 6,9
/ 8 7,0 8,0
+ 13 7,3 7,4
x 1440 7,5 7,6 6,7 7,7
! 4 8,1
+ 13 8,3 9,3 9,4 9,5
! 2 8,4
x 70 8,5 8,6 8,7
x 12960 8,8 9,8 7,9 8,9 9,9
x 1890 9,0 9,1 8,2 9,2
- 1 9,6 9,7
2 3 6 10 4 8 1 9 5 7
6 10 1 7 5 3 8 2 9 4
4 6 5 1 3 2 9 7 10 8
9 8 2 3 7 1 6 5 4 10
5 1 9 8 10 6 2 4 7 3
7 2 4 6 8 9 5 10 3 1
3 5 10 9 6 4 7 8 1 2
1 7 8 4 9 10 3 6 2 5
8 4 3 5 2 7 10 1 6 9
10 9 7 2 1 5 4 3 8 6
