10
31
x 84 0,0 0,1 0,2
x 360 0,3 1,3 2,3
+ 25 0,4 0,5 1,5 2,5 3,5
+ 24 0,6 1,6 0,7 1,7 1,8
! 10 0,8
- 5 0,9 1,9
x 94500 1,0 2,0 1,1 2,1 1,2 2,2
- 2 1,4 2,4
/ 2 2,6 2,7
x 240 2,8 3,8 2,9 3,9
/ 3 3,0 4,0
x 12 3,3 3,4
x 720 3,6 4,6 3,7 4,7
x 140 4,3 5,3 4,4
- 1 4,5 5,5
x 720 4,8 5,8 4,9 5,9
x 907200 5,0 6,0 3,1 4,1 5,1 6,1 3,2 4,2 5,2 6,2
! 6 5,7
+ 21 6,3 5,4 6,4
x 66150 6,5 7,5 5,6 6,6 7,6 6,7
/ 2 6,8 7,8
- 2 6,9 7,9
x 40 7,0 8,0 9,0
- 2 7,1 8,1
+ 15 7,2 8,2 9,2
+ 10 7,3 8,3 7,4
x 40 7,7 8,7 8,8
x 4200 8,4 9,4 8,5 9,5 8,6
! 4 9,1
! 6 9,3
+ 27 9,6 9,7 9,8 8,9 9,9
4 3 7 5 6 1 8 9 10 2
3 9 10 8 5 6 4 2 1 7
7 10 5 9 3 4 2 1 8 6
2 7 6 3 4 8 9 10 5 1
6 5 3 10 7 2 1 8 9 4
10 1 8 2 9 3 7 6 4 5
9 2 1 4 8 5 3 7 6 10
1 6 4 7 2 9 10 5 3 8
5 8 9 1 10 7 6 4 2 3
8 4 2 6 1 10 5 3 7 9
