11
42
+ 23 0,0 0,1 0,2 0,3
- 9 0,4 0,5
x 60 0,6 1,6 0,7 2,6
x 297 0,9 1,9 0,10
/ 4 1,0 2,0
x 27 1,1 2,1
- 1 1,2 2,2
! 1 1,3
- 1 1,4 1,5
x 672 1,7 2,7 0,8 1,8
! 5 1,10
+ 18 2,3 3,3 2,4
+ 16 2,8 2,9 2,10
+ 15 3,0 4,0 5,0
! 5 3,1
+ 28 3,2 4,2 5,2 4,3 5,3
+ 25 3,4 2,5 3,5
+ 44 3,6 4,6 3,7 4,7 5,6
/ 3 3,8 4,8
+ 33 3,9 4,9 3,10 4,10
- 5 4,1 5,1
- 3 4,4 5,4
! 3 4,5
+ 26 5,8 6,8 5,9 6,9
/ 2 5,10 6,10
+ 23 6,0 7,0 6,1 6,2
+ 48 6,3 7,3 6,4 7,4 5,5 6,5 6,6 5,7 6,7
! 11 7,1
! 4 7,2
- 1 7,5 8,5
x 14256 7,6 7,7 8,7 7,8 8,8 9,7
x 560 7,9 8,9 7,10 8,10
+ 27 8,0 9,0 10,0
+ 28 8,1 9,1 10,1 10,2
! 3 8,2
+ 23 8,3 9,3 8,4 10,3
- 2 8,6 9,6
! 8 9,2
x 63 9,4 10,4 9,5
x 4320 9,8 10,8 9,9 10,9 9,10 10,10
/ 2 10,5 10,6
! 5 10,7
4 8 5 6 11 2 1 10 7 3 9
8 3 7 1 10 9 2 6 4 11 5
2 9 6 8 7 11 3 4 1 5 10
9 5 1 3 4 10 11 8 2 7 6
1 2 10 4 5 3 8 7 6 9 11
5 7 2 11 8 6 10 3 9 4 1
7 4 9 10 3 1 6 11 5 8 2
3 11 4 2 6 5 9 1 8 10 7
10 6 3 5 2 4 7 9 11 1 8
11 10 8 9 1 7 5 2 3 6 4
6 1 11 7 9 8 4 5 10 2 3
