10
30
x 36 0,0 1,0 0,1
x 216 0,2 1,2 0,3 1,3
- 1 0,4 1,4
x 2000 0,5 1,5 0,6 1,6
+ 25 0,7 0,8 1,8 2,8
- 1 0,9 1,9
! 10 1,1
+ 42 2,0 3,0 2,1 3,1 2,2 3,2 2,3 3,3 2,4
- 4 2,9 3,9
+ 44 3,5 4,5 2,5 2,6 3,6 1,7 2,7 5,5
x 640 3,7 4,7 3,8 4,8 4,9
- 3 4,0 5,0
+ 39 4,2 5,2 4,3 3,4 4,4
- 7 4,6 5,6
+ 25 5,3 6,3 5,4 6,4 7,4
x 630 5,7 6,7 7,7 8,7 9,7
x 240 5,8 6,8 5,9 6,9
x 4480 6,0 4,1 5,1 6,1 7,1
! 4 6,2
+ 16 6,5 7,5 8,5
+ 17 6,6 7,6 8,6
! 6 7,0
- 5 7,2 7,3
! 9 7,8
x 2160 8,0 9,0 8,1 9,1
/ 10 8,2 8,3
+ 19 8,8 7,9 8,9
+ 26 9,2 9,3 8,4 9,4
- 1 9,5 9,6
- 3 9,8 9,9
1 9 3 4 2 10 5 6 8 7
4 10 2 9 1 5 8 3 7 6
7 3 5 6 8 2 1 10 4 9
3 1 7 2 6 4 9 8 10 5
5 7 9 8 10 6 3 4 2 1
2 4 6 1 3 9 10 7 5 8
10 8 4 5 9 7 6 1 3 2
6 2 8 3 7 1 4 5 9 10
9 5 1 10 4 8 7 2 6 3
8 6 10 7 5 3 2 9 1 4
