12
55
x 600 0,0 0,1 0,2
! 4 0,4
+ 16 0,5 0,6 0,7
x 594 0,8 1,8 0,9
+ 33 0,10 1,10 0,11 1,11 2,11
- 2 1,0 1,1
! 3 1,2
- 1 1,4 2,4
x 432 1,5 2,5 3,5
x 1440 1,6 2,6 3,6 3,7
+ 21 1,7 2,7 2,8 3,8
! 10 1,9
/ 7 2,0 2,1
+ 23 2,2 3,2 0,3 1,3 2,3
x 21 2,9 3,9
! 12 2,10
+ 25 3,3 4,3 3,4 4,4
- 5 3,10 4,10
- 5 3,11 4,11
! 8 4,0
x 2520 4,5 5,5 6,5 4,6 5,6 4,7
- 2 4,8 5,8
! 1 4,9
+ 66 5,0 6,0 3,0 3,1 4,1 5,1 4,2 5,2
+ 27 5,3 5,4 6,4
! 2 6,1
+ 18 6,2 7,2 6,3 7,3
x 9000 6,6 7,6 5,7 6,7 6,8
+ 21 6,10 7,10 6,11
+ 16 7,0 8,0 7,1
+ 28 7,4 7,5 8,5 8,6
+ 42 7,7 7,8 8,8 5,9 6,9 5,10 5,11 7,9
- 2 7,11 8,11
! 4 8,1
- 1 8,2 8,3
+ 18 8,7 9,7 9,8 10,8
- 2 8,9 9,9
! 9 8,10
x 180 9,0 10,0 11,0 11,1
- 1 9,1 10,1
- 4 9,2 10,2
x 168 9,3 8,4 9,4
- 3 9,5 10,5
! 11 9,6
+ 7 9,10 10,10
/ 5 9,11 10,11
x 72 10,3 11,3 10,4
x 36 10,6 11,6 10,7
- 4 10,9 11,9
! 6 11,2
! 2 11,4
! 11 11,5
! 7 11,7
! 5 11,8
/ 3 11,10 11,11
12 5 10 1 4 3 2 11 6 9 7 8
5 7 3 12 9 4 8 2 11 10 1 6
7 1 4 5 10 9 6 8 2 3 12 11
2 8 1 11 5 12 3 10 9 7 6 4
8 6 12 2 7 5 4 3 10 1 11 9
9 10 8 4 11 6 7 5 12 2 3 1
11 2 7 6 12 1 10 9 4 5 8 3
4 9 2 3 6 8 5 12 1 11 10 7
3 4 11 10 8 2 12 1 7 6 9 5
1 12 9 7 3 10 11 6 8 4 5 2
6 11 5 8 1 7 9 4 3 12 2 10
10 3 6 9 2 11 1 7 5 8 4 12
