12
48
+ 28 0,0 1,0 2,0
! 6 0,1
+ 18 0,2 1,2 2,2 1,3
x 770 0,3 0,4 0,5 1,5
x 108 0,6 0,7 0,8
- 3 0,10 0,11
! 8 1,1
x 800 1,4 2,4 3,4 2,5 3,5
- 3 1,6 2,6
+ 29 1,7 2,7 1,8 2,8 0,9 1,9
! 11 1,11
! 5 2,3
x 420 3,0 4,0 2,1 3,1 5,0
x 44 3,2 4,2 5,2
x 432 3,3 4,3 5,3 4,4
x 6503473152 3,7 4,7 3,8 4,8 2,9 3,9 1,10 2,10 2,11 3,11 4,9 4,11
! 10 4,1
- 3 4,5 5,5
! 12 5,1
+ 18 5,4 6,4 7,4
! 7 5,7
+ 23 5,8 5,9 3,10 4,10 5,10
x 972 6,0 7,0 6,1 7,1 6,2
/ 2 6,3 7,3
x 580800 6,5 7,5 3,6 4,6 5,6 6,6 7,6
x 5280 6,7 7,7 6,8 7,8
x 100 6,9 7,9 8,9
+ 21 6,10 7,10 5,11 6,11
! 10 7,2
- 5 7,11 8,11
x 1936 8,0 9,0 8,1 9,1
x 648 8,2 9,2 8,3
+ 9 8,4 8,5 8,6
x 252 8,7 9,7 8,8
- 6 9,3 10,3
! 12 9,4
- 7 9,11 10,11
! 2 10,0
+ 22 10,1 10,2 11,2
- 2 10,4 11,4
x 20160 10,5 11,5 9,5 9,6 10,6 11,6
x 46080 10,7 11,7 9,8 10,8 9,9 8,10 9,10
/ 11 10,10 11,10
! 7 11,0
! 3 11,1
! 11 11,3
+ 20 11,8 10,9 11,9
! 10 11,11
12 6 2 10 11 1 4 3 9 7 5 8
6 8 5 4 2 7 9 10 1 3 12 11
10 4 7 5 1 8 12 2 6 11 3 9
1 7 4 8 10 5 11 6 2 12 9 3
3 10 1 2 9 6 5 11 12 8 7 4
5 12 11 3 8 9 10 7 4 1 2 6
4 9 3 12 7 11 6 5 8 2 10 1
9 1 10 6 3 2 8 12 11 5 4 7
8 11 12 9 5 3 1 4 7 10 6 2
11 2 6 1 12 10 7 9 3 4 8 5
2 5 8 7 6 4 3 1 10 9 11 12
7 3 9 11 4 12 2 8 5 6 1 10
