9
21
+ 23 0,0 1,0 0,1 1,1 2,1
x 20 0,2 0,3 1,3
x 16 0,7 1,7 2,7
x 27 0,8 1,8
x 360 1,2 2,2 2,3
! 7 2,0
x 9072 3,0 4,0 3,1 4,1 5,0 5,1 6,0
x 137168640 3,3 2,4 3,4 4,4 2,5 3,5 0,4 1,4 0,5 1,5 0,6 1,6 2,6 5,4
+ 32 3,6 3,7 4,7 2,8 3,8
- 3 4,5 4,6
! 5 4,8
x 35280 5,5 5,6 5,7 6,7 7,7 5,8 6,8
x 362880 6,1 7,1 5,2 6,2 3,2 4,2 4,3 5,3
! 1 6,5
- 3 7,0 8,0
x 384 7,2 8,2 6,3 7,3 6,4
x 1296 7,5 8,5 6,6 7,6 8,6
+ 8 7,8 8,8
! 3 8,1
x 105 8,3 7,4 8,4
! 4 8,7
2 9 4 5 1 6 7 8 3
4 6 8 1 7 3 5 2 9
7 2 5 9 6 4 3 1 8
1 8 7 3 9 2 6 5 4
6 1 3 8 2 7 4 9 5
3 7 9 2 4 5 8 6 1
9 5 6 4 8 1 2 3 7
5 4 1 6 3 8 9 7 2
8 3 2 7 5 9 1 4 6
