Warning: no access to tty (Bad file descriptor).
Thus no job control in this shell.
module: Command not found.
module: Command not found.
ja
cd /bessemer/bparr
cp /usr/users/0/bparr/kenken/parallel parallel33
cp /usr/users/0/bparr/kenken/input/33minutes.txt p33minutes.txt
setenv OMP_NUM_THREADS 32
omplace -nt 32 ./parallel33 32 p33minutes.txt
OMP warning: KMP_AFFINITY: parameter invalid, ignoring 'disabled'
1 9 3 4 2 10 5 6 8 7
4 10 9 2 1 5 8 3 7 6
3 1 2 8 7 6 9 10 4 5
7 3 5 6 8 2 1 4 10 9
5 7 10 9 6 4 3 8 2 1
2 4 6 7 3 9 10 1 5 8
10 8 4 1 9 7 6 5 3 2
6 2 8 3 5 1 4 7 9 10
9 5 1 10 4 8 7 2 6 3
8 6 7 5 10 3 2 9 1 4
Nodes Visited: 550647535
Computation Time = 16524.149 millisecs
      Total Time = 16570.649 millisecs
ja -chlst


Job Accounting - Command Report
===============================

    Command       Started    Elapsed    User CPU    Sys CPU       CPU      Block I/O    Swap In      CPU MEM        Characters           Logical I/O      CoreMem   VirtMem   Ex
     Name           At       Seconds    Seconds     Seconds    Delay Secs  Delay Secs  Delay Secs  Avg Mbytes     Read     Written     Read      Write    HiValue   HiValue   St   Ni  Fl   SBU's 
===============  ========  ==========  ==========  ==========  ==========  ==========  ==========  ==========  =========  =========  ========  ========  ========  ========  ===  ===  ==  =======
# CFG   ON(    1) (    7)  01:39:29 04/21/2011  System:  Linux pople4700.psc.teragrid.or 2.6.16.60-0.42.5-default #1 SMP Mon Aug 24 09:41:41 UTC 2009 ia64
ja               01:39:29        0.02        0.00        0.00        0.00        0.00        0.00        6.67      0.018      0.000        18         4      2112      5872    0    0         0.00
cp               01:39:29        0.01        0.00        0.00        0.00        0.00        0.00        0.00      0.074      0.068        12         2      1744      6576    0    0         0.00
cp               01:39:29        0.01        0.00        0.00        0.00        0.00        0.00        4.83      0.007      0.001        12         2      1680      6576    0    0         0.00
cpuset           01:39:29        0.00        0.00        0.00        0.00        0.00        0.00        0.00      0.003      0.000         9         1      1232      3488    0    0         0.00
cpuset           01:39:29        0.00        0.00        0.00        0.00        0.00        0.00        8.95      0.007      0.000        28         1      1472      3600    0    0         0.00
expr             01:39:29        0.00        0.00        0.00        0.00        0.00        0.00        0.01      0.004      0.000         8         1      1456      4560    0    0         0.00
omplace          01:39:29        0.00        0.00        0.00        0.00        0.00        0.00        0.02      0.000      0.000         0         1      2096      7200    0    0  F      0.00
sed              01:39:29        0.00        0.00        0.00        0.00        0.00        0.00        0.01      0.004      0.000        10         1      1760      4720    0    0         0.00
omplace          01:39:29        0.00        0.00        0.00        0.00        0.00        0.00        0.00      0.000      0.000         0         0      2000      7136    0    0  F      0.00
omplace          01:39:29        0.00        0.00        0.00        0.00        0.00        0.00        0.02      0.000      0.000         0         1      2128      7200    0    0  F      0.00
sed              01:39:29        0.00        0.00        0.00        0.00        0.00        0.00        0.01      0.004      0.000        10         1      1760      4720    0    0         0.00
omplace          01:39:29        0.00        0.00        0.00        0.00        0.00        0.00        0.01      0.000      0.000         0         0      2000      7136    0    0  F      0.00
omplace          01:39:29        0.00        0.00        0.00        0.00        0.00        0.00        0.02      0.000      0.000         0         1      2128      7200    0    0  F      0.00
cut              01:39:29        0.00        0.00        0.00        0.00        0.00        0.00        0.01      0.004      0.000        10         1      1584      4640    0    0         0.00
omplace          01:39:29        0.00        0.00        0.00        0.00        0.00        0.00        0.01      0.000      0.000         0         0      2000      7136    0    0  F      0.00
omplace          01:39:29        0.00        0.00        0.00        0.00        0.00        0.00        0.02      0.000      0.000         0         1      2128      7200    0    0  F      0.00
grep             01:39:29        0.00        0.00        0.00        0.00        0.00        0.00        8.30      0.004      0.000        10         0      1824      4736    1    0         0.00
omplace          01:39:29        0.00        0.00        0.00        0.00        0.00        0.00        0.02      0.000      0.000         0         1      2144      7216    0    0  F      0.00
cut              01:39:29        0.00        0.00        0.00        0.00        0.00        0.00        0.01      0.004      0.000        10         1      1584      4640    0    0         0.00
omplace          01:39:29        0.00        0.00        0.00        0.00        0.00        0.00        0.01      0.000      0.000         0         0      2016      7152    0    0  F      0.00
omplace          01:39:29        0.00        0.00        0.00        0.00        0.00        0.00        0.02      0.000      0.000         0         1      2144      7216    0    0  F      0.00
cut              01:39:29        0.00        0.00        0.00        0.00        0.00        0.00        0.01      0.004      0.000        10         1      1584      4640    0    0         0.00
omplace          01:39:29        0.00        0.00        0.00        0.00        0.00        0.00        0.01      0.000      0.000         0         0      2016      7152    0    0  F      0.00
seq              01:39:29        0.00        0.00        0.00        0.00        0.00        0.00        0.00      0.005      0.000         9         1      1728      5408    0    0         0.00
omplace          01:39:29        0.00        0.00        0.00        0.00        0.00        0.00        7.84      0.000      0.000         0         0      2176      7136    0    0  F      0.00
omplace          01:39:29        0.02        0.00        0.00        0.00        0.00        0.00        7.70      0.000      0.000        12         1      2480      7200    0    0  F      0.00
omplace          01:39:29        0.00        0.00        0.00        0.00        0.00        0.00        0.02      0.000      0.000         0         1      2112      7200    0    0  F      0.00
wc               01:39:29        0.00        0.00        0.00        0.00        0.00        0.00        7.83      0.004      0.000        10         1      1664      4560    0    0         0.00
omplace          01:39:29        0.00        0.00        0.00        0.00        0.00        0.00        0.01      0.000      0.000         0         0      1984      7136    0    0  F      0.00
expr             01:39:29        0.00        0.00        0.00        0.00        0.00        0.00        0.01      0.004      0.000         8         1      1456      4560    0    0         0.00
cat              01:39:29        0.00        0.01        0.00        0.00        0.00        0.00        0.00      0.004      0.000        10         2      1488      4496    0    0         0.00
expr             01:39:29        0.00        0.00        0.00        0.00        0.00        0.00        0.34      0.004      0.000         8         1      1456      4560    0    0         0.00
expr             01:39:29        0.00        0.00        0.00        0.00        0.00        0.00        0.01      0.004      0.000         8         1      1456      4560    0    0         0.00
expr             01:39:29        0.00        0.00        0.00        0.00        0.00        0.00        8.64      0.004      0.000         8         1      1456      4560    1    0         0.00
cat              01:39:29        0.02        0.00        0.01        0.00        0.00        0.00        4.68      0.004      0.000        12         2      1488      4496    0    0         0.00
expr             01:39:29        0.00        0.01        0.00        0.00        0.00        0.00        0.00      0.004      0.000         8         1      1456      4560    0    0         0.00
omplace          01:39:29        0.00        0.00        0.00        0.00        0.00        0.00        0.02      0.000      0.000         0         1      2384      7200    0    0  F      0.00
parallel33       01:39:29       16.60       16.52        0.00        0.00        0.00        0.00        0.04      0.000      0.000         0         0      9856    144848    0    0         0.00
parallel33       01:39:29       16.60       16.52        0.00        0.00        0.00        0.00        0.00      0.000      0.000         0         0      9856    144848    0    0         0.00
parallel33       01:39:29       16.60       16.52        0.00        0.00        0.00        0.00        0.04      0.000      0.000         0         0      9856    144848    0    0         0.00
parallel33       01:39:29       16.60       16.52        0.00        0.00        0.00        0.00        0.00      0.000      0.000         0         0      9856    144848    0    0         0.00
parallel33       01:39:29       16.60       16.52        0.00        0.00        0.00        0.00        0.00      0.000      0.000         0         0      9856    144848    0    0         0.00
parallel33       01:39:29       16.60       16.52        0.00        0.01        0.00        0.00        0.00      0.000      0.000         0         0      9856    144848    0    0         0.00
parallel33       01:39:29       16.60       16.52        0.00        0.00        0.00        0.00        0.04      0.000      0.000         0         0      9856    144848    0    0         0.00
parallel33       01:39:29       16.60       16.52        0.00        0.00        0.00        0.00        0.00      0.000      0.000         0         0      9856    144848    0    0         0.00
parallel33       01:39:29       16.60       16.52        0.00        0.01        0.00        0.00        0.00      0.000      0.000         0         0      9856    144848    0    0         0.00
parallel33       01:39:29       16.60       16.52        0.00        0.00        0.00        0.00        0.00      0.000      0.000         0         0      9856    144848    0    0         0.00
parallel33       01:39:29       16.60       16.52        0.00        0.00        0.00        0.00        0.00      0.000      0.000         0         0      9856    144848    0    0         0.00
parallel33       01:39:29       16.60       16.52        0.00        0.00        0.00        0.00        0.00      0.000      0.000         0         0      9856    144848    0    0         0.00
parallel33       01:39:29       16.60       16.52        0.01        0.00        0.00        0.00        0.07      0.000      0.000         0         0      9856    144848    0    0         0.00
parallel33       01:39:29       16.60       16.52        0.00        0.00        0.00        0.00        0.04      0.000      0.000         0         0      9856    144848    0    0         0.00
parallel33       01:39:29       16.60       16.52        0.00        0.00        0.00        0.00        0.04      0.000      0.000         0         0      9856    144848    0    0         0.00
parallel33       01:39:29       16.60       16.52        0.00        0.00        0.00        0.00        0.04      0.000      0.000         0         0      9856    144848    0    0         0.00
parallel33       01:39:29       16.60       16.52        0.00        0.00        0.00        0.00        0.04      0.000      0.000         0         0      9856    144848    0    0         0.00
parallel33       01:39:29       16.60       16.52        0.00        0.00        0.00        0.00        0.00      0.000      0.000         0         0      9856    144848    0    0         0.00
parallel33       01:39:29       16.60       16.52        0.00        0.00        0.00        0.00        0.04      0.000      0.000         0         0      9856    144848    0    0         0.00
parallel33       01:39:29       16.60       16.52        0.00        0.00        0.00        0.00        0.00      0.000      0.000         0         0      9856    144848    0    0         0.00
parallel33       01:39:29       16.60       16.52        0.00        0.00        0.00        0.00        0.00      0.000      0.000         0         0      9856    144848    0    0         0.00
parallel33       01:39:29       16.60       16.52        0.00        0.00        0.00        0.00        0.00      0.000      0.000         0         0      9856    144848    0    0         0.00
parallel33       01:39:29       16.60       16.52        0.00        0.00        0.00        0.00        0.04      0.000      0.000         0         0      9856    144848    0    0         0.00
parallel33       01:39:29       16.60       16.52        0.00        0.00        0.00        0.00        0.00      0.000      0.000         0         0      9856    144848    0    0         0.00
parallel33       01:39:29       16.60       16.52        0.00        0.00        0.00        0.00        0.00      0.000      0.000         0         0      9856    144848    0    0         0.00
parallel33       01:39:29       16.60       16.52        0.00        0.00        0.00        0.00        0.04      0.000      0.000         0         0      9856    144848    0    0         0.00
parallel33       01:39:29       16.60       16.52        0.00        0.00        0.00        0.00        0.04      0.000      0.000         0         0      9856    144848    0    0         0.00
parallel33       01:39:29       16.60       16.52        0.01        0.00        0.00        0.00        0.07      0.000      0.000         0         0      9856    144848    0    0         0.00
parallel33       01:39:29       16.60       16.52        0.01        0.00        0.00        0.00        0.07      0.000      0.000         0         0      9856    144848    0    0         0.00
parallel33       01:39:29       16.60       16.52        0.00        0.00        0.00        0.00        0.04      0.000      0.000         0         0      9856    144848    0    0         0.00
parallel33       01:39:29       16.60       16.52        0.00        0.00        0.00        0.00        0.04      0.000      0.000         0         0      9856    144848    0    0         0.00
parallel33       01:39:30       16.76        0.00        0.00        0.00        0.00        0.00        0.31      0.000      0.000         0         0      9856    144848    0    0         0.00
parallel33       01:39:30       16.76       16.53        0.06        0.00        0.00        0.00        0.08      0.623      0.000       656         2      9856    144848    0    0         0.00
rm               01:39:46        0.00        0.00        0.00        0.00        0.00        0.00        0.00      0.004      0.000         8         0      1504      4528    0    0         0.00
omplace          01:39:30       16.86        0.01        0.00        0.00        0.00        0.00        3.14      0.039      0.000        46         1      3456      7200    0    0         0.00


Job CSA Accounting - Summary Report
====================================

Job Accounting File Name         : /tmp/.jacct2c27d
Operating System                 : Linux pople4700.psc.teragrid.or 2.6.16.60-0.42.5-default #1 SMP Mon Aug 24 09:41:41 UTC 2009 ia64
User Name (ID)                   : bparr (45460)
Group Name (ID)                  : ac3bdhp (13825)
Project Name (ID)                : ? (0)
Job ID                           : 0x2c27d
Report Starts                    : 04/21/11 01:39:29
Report Ends                      : 04/21/11 01:39:46
Elapsed Time                     :           17      Seconds
User CPU Time                    :          528.7600 Seconds
System CPU Time                  :            0.1987 Seconds
CPU Time Core Memory Integral    :            0.9640 Mbyte-seconds
CPU Time Virtual Memory Integral :           12.2101 Mbyte-seconds
Maximum Core Memory Used         :            9.6250 Mbytes
Maximum Virtual Memory Used      :          141.4531 Mbytes
Characters Read                  :            0.8448 Mbytes
Characters Written               :            0.0700 Mbytes
Logical I/O Read Requests        :          950
Logical I/O Write Requests       :           39
CPU Delay                        :            0.0320 Seconds
Block I/O Delay                  :            0.0003 Seconds
Swap In Delay                    :            0.0000 Seconds
Number of Commands               :           72
System Billing Units             :            0.0000
