Warning: no access to tty (Bad file descriptor).
Thus no job control in this shell.
module: Command not found.
module: Command not found.
ja
cd /bessemer/bparr
cp /usr/users/0/bparr/kenken/parallel parallel75
cp /usr/users/0/bparr/kenken/input/75minutes.txt p75minutes.txt
setenv OMP_NUM_THREADS 32
omplace -nt 32 ./parallel75 32 p75minutes.txt
OMP warning: KMP_AFFINITY: parameter invalid, ignoring 'disabled'
4 3 7 5 6 1 8 9 10 2
10 9 3 8 5 6 4 2 1 7
7 10 5 9 3 4 2 1 8 6
2 7 6 3 4 8 9 10 5 1
6 5 10 7 2 3 1 8 9 4
3 1 8 10 9 2 7 6 4 5
9 2 1 4 8 5 3 7 6 10
1 6 4 2 7 9 10 5 3 8
5 8 9 1 10 7 6 4 2 3
8 4 2 6 1 10 5 3 7 9
Nodes Visited: 2690550568
Computation Time = 108056.279 millisecs
      Total Time = 108107.442 millisecs
ja -chlst


Job Accounting - Command Report
===============================

    Command       Started    Elapsed    User CPU    Sys CPU       CPU      Block I/O    Swap In      CPU MEM        Characters           Logical I/O      CoreMem   VirtMem   Ex
     Name           At       Seconds    Seconds     Seconds    Delay Secs  Delay Secs  Delay Secs  Avg Mbytes     Read     Written     Read      Write    HiValue   HiValue   St   Ni  Fl   SBU's 
===============  ========  ==========  ==========  ==========  ==========  ==========  ==========  ==========  =========  =========  ========  ========  ========  ========  ===  ===  ==  =======
# CFG   ON(    1) (    7)  01:37:33 04/21/2011  System:  Linux pople4700.psc.teragrid.or 2.6.16.60-0.42.5-default #1 SMP Mon Aug 24 09:41:41 UTC 2009 ia64
ja               01:37:33        0.01        0.00        0.00        0.00        0.00        0.00        0.00      0.018      0.000        18         4      2112      5872    0    0         0.00
cp               01:37:33        0.01        0.00        0.00        0.00        0.00        0.00        6.28      0.074      0.068        12         2      1744      6576    0    0         0.00
cp               01:37:33        0.01        0.00        0.00        0.00        0.00        0.00        0.00      0.007      0.001        12         2      1680      6576    0    0         0.00
cpuset           01:37:33        0.01        0.00        0.00        0.00        0.00        0.00        8.95      0.003      0.000         9         1      1232      3488    0    0         0.00
cpuset           01:37:33        0.00        0.00        0.00        0.00        0.00        0.00        1.33      0.007      0.000        28         1      1472      3600    0    0         0.00
expr             01:37:33        0.00        0.00        0.00        0.00        0.00        0.00        0.01      0.004      0.000         8         1      1456      4560    0    0         0.00
omplace          01:37:33        0.00        0.00        0.00        0.00        0.00        0.00        0.02      0.000      0.000         0         1      2096      7200    0    0  F      0.00
sed              01:37:33        0.00        0.00        0.00        0.00        0.00        0.00        0.00      0.004      0.000        10         1      1760      4720    0    0         0.00
omplace          01:37:33        0.00        0.00        0.00        0.00        0.00        0.00        0.00      0.000      0.000         0         0      2000      7136    0    0  F      0.00
omplace          01:37:33        0.00        0.00        0.00        0.00        0.00        0.00        0.02      0.000      0.000         0         1      2128      7200    0    0  F      0.00
sed              01:37:33        0.00        0.00        0.00        0.00        0.00        0.00        0.01      0.004      0.000        10         1      1760      4720    0    0         0.00
omplace          01:37:33        0.00        0.00        0.00        0.00        0.00        0.00        0.01      0.000      0.000         0         0      2000      7136    0    0  F      0.00
omplace          01:37:33        0.00        0.00        0.00        0.00        0.00        0.00        0.02      0.000      0.000         0         1      2128      7200    0    0  F      0.00
cut              01:37:33        0.00        0.00        0.00        0.00        0.00        0.00        0.01      0.004      0.000        10         1      1584      4640    0    0         0.00
omplace          01:37:33        0.00        0.00        0.00        0.00        0.00        0.00        8.47      0.000      0.000         0         0      2000      7136    0    0  F      0.00
omplace          01:37:33        0.00        0.00        0.00        0.00        0.00        0.00        0.02      0.000      0.000         0         1      2128      7200    0    0  F      0.00
grep             01:37:33        0.00        0.00        0.00        0.00        0.00        0.00        0.00      0.004      0.000        10         0      1824      4736    1    0         0.00
omplace          01:37:33        0.00        0.00        0.00        0.00        0.00        0.00        0.02      0.000      0.000         0         1      2144      7216    0    0  F      0.00
cut              01:37:33        0.00        0.00        0.00        0.00        0.00        0.00        0.01      0.004      0.000        10         1      1584      4640    0    0         0.00
omplace          01:37:33        0.00        0.00        0.00        0.00        0.00        0.00        0.01      0.000      0.000         0         0      2016      7152    0    0  F      0.00
omplace          01:37:33        0.00        0.00        0.00        0.00        0.00        0.00        0.02      0.000      0.000         0         1      2144      7216    0    0  F      0.00
cut              01:37:33        0.00        0.00        0.00        0.00        0.00        0.00        4.45      0.004      0.000        10         1      1584      4640    0    0         0.00
omplace          01:37:33        0.00        0.00        0.00        0.00        0.00        0.00        0.01      0.000      0.000         0         0      2016      7152    0    0  F      0.00
seq              01:37:33        0.00        0.00        0.00        0.00        0.00        0.00        0.01      0.005      0.000         9         1      1728      5408    0    0         0.00
omplace          01:37:33        0.01        0.00        0.00        0.00        0.00        0.00        0.02      0.000      0.000         0         0      2176      7136    0    0  F      0.00
omplace          01:37:33        0.03        0.00        0.01        0.00        0.00        0.00        8.35      0.000      0.000        12         1      2480      7200    0    0  F      0.00
omplace          01:37:33        0.00        0.00        0.00        0.00        0.00        0.00        0.02      0.000      0.000         0         1      2112      7200    0    0  F      0.00
wc               01:37:33        0.00        0.00        0.00        0.00        0.00        0.00        0.00      0.004      0.000        10         1      1664      4560    0    0         0.00
omplace          01:37:33        0.01        0.00        0.00        0.00        0.00        0.00        0.01      0.000      0.000         0         0      1984      7136    0    0  F      0.00
expr             01:37:33        0.00        0.00        0.00        0.00        0.00        0.00        3.45      0.004      0.000         8         1      1456      4560    0    0         0.00
cat              01:37:33        0.00        0.00        0.00        0.00        0.00        0.00        0.00      0.004      0.000        10         2      1488      4496    0    0         0.00
expr             01:37:33        0.00        0.00        0.00        0.00        0.00        0.00        0.01      0.004      0.000         8         1      1456      4560    0    0         0.00
expr             01:37:33        0.00        0.00        0.00        0.00        0.00        0.00        0.01      0.004      0.000         8         1      1456      4560    0    0         0.00
expr             01:37:33        0.00        0.00        0.00        0.00        0.00        0.00        0.72      0.004      0.000         8         1      1456      4560    1    0         0.00
cat              01:37:33        0.01        0.00        0.00        0.00        0.00        0.00        0.01      0.004      0.000        12         2      1488      4496    0    0         0.00
expr             01:37:33        0.00        0.00        0.00        0.00        0.00        0.00        0.01      0.004      0.000         8         1      1456      4560    0    0         0.00
omplace          01:37:33        0.00        0.00        0.00        0.00        0.00        0.00        0.02      0.000      0.000         0         1      2384      7200    0    0  F      0.00
parallel75       01:37:33      108.14      108.05        0.00        0.00        0.00        0.00        0.00      0.000      0.000         0         0      9904    143568    0    0         0.00
parallel75       01:37:33      108.14      108.05        0.00        0.00        0.00        0.00        0.00      0.000      0.000         0         0      9904    143568    0    0         0.00
parallel75       01:37:33      108.14      108.05        0.01        0.00        0.00        0.00        0.01      0.000      0.000         0         0      9904    143568    0    0         0.00
parallel75       01:37:33      108.14      108.04        0.01        0.00        0.00        0.00        0.01      0.000      0.000         0         0      9904    143568    0    0         0.00
parallel75       01:37:33      108.14      108.05        0.00        0.00        0.00        0.00        0.01      0.000      0.000         0         0      9904    143568    0    0         0.00
parallel75       01:37:33      108.14      108.04        0.00        0.01        0.00        0.00        0.00      0.000      0.000         0         0      9904    143568    0    0         0.00
parallel75       01:37:33      108.14      108.04        0.00        0.00        0.00        0.00        0.00      0.000      0.000         0         0      9904    143568    0    0         0.00
parallel75       01:37:33      108.14      108.04        0.00        0.00        0.00        0.00        0.00      0.000      0.000         0         0      9904    143568    0    0         0.00
parallel75       01:37:33      108.14      108.04        0.00        0.00        0.00        0.00        0.01      0.000      0.000         0         0      9904    143568    0    0         0.00
parallel75       01:37:33      108.14      108.04        0.00        0.00        0.00        0.00        0.00      0.000      0.000         0         0      9904    143568    0    0         0.00
parallel75       01:37:33      108.14      108.05        0.00        0.00        0.00        0.00        0.00      0.000      0.000         0         0      9904    143568    0    0         0.00
parallel75       01:37:33      108.14      108.04        0.00        0.00        0.00        0.00        0.01      0.000      0.000         0         0      9904    143568    0    0         0.00
parallel75       01:37:33      108.14      108.05        0.00        0.00        0.00        0.00        0.00      0.000      0.000         0         0      9904    143568    0    0         0.00
parallel75       01:37:33      108.14      108.05        0.00        0.00        0.00        0.00        0.01      0.000      0.000         0         0      9904    143568    0    0         0.00
parallel75       01:37:33      108.14      108.04        0.00        0.00        0.00        0.00        0.00      0.000      0.000         0         0      9904    143568    0    0         0.00
parallel75       01:37:33      108.14      108.05        0.00        0.00        0.00        0.00        0.01      0.000      0.000         0         0      9904    143568    0    0         0.00
parallel75       01:37:33      108.14      108.05        0.00        0.00        0.00        0.00        0.01      0.000      0.000         0         0      9904    143568    0    0         0.00
parallel75       01:37:33      108.14      108.04        0.00        0.01        0.00        0.00        0.01      0.000      0.000         0         0      9904    143568    0    0         0.00
parallel75       01:37:33      108.14      108.04        0.00        0.00        0.00        0.00        0.00      0.000      0.000         0         0      9904    143568    0    0         0.00
parallel75       01:37:33      108.14      108.05        0.00        0.00        0.00        0.00        0.00      0.000      0.000         0         0      9904    143568    0    0         0.00
parallel75       01:37:33      108.14      108.04        0.00        0.00        0.00        0.00        0.01      0.000      0.000         0         0      9904    143568    0    0         0.00
parallel75       01:37:33      108.14      108.05        0.00        0.00        0.00        0.00        0.00      0.000      0.000         0         0      9904    143568    0    0         0.00
parallel75       01:37:33      108.14      108.04        0.00        0.00        0.00        0.00        0.00      0.000      0.000         0         0      9904    143568    0    0         0.00
parallel75       01:37:33      108.14      108.05        0.00        0.00        0.00        0.00        0.01      0.000      0.000         0         0      9904    143568    0    0         0.00
parallel75       01:37:33      108.14      108.04        0.00        0.00        0.00        0.00        0.00      0.000      0.000         0         0      9904    143568    0    0         0.00
parallel75       01:37:33      108.14      108.04        0.01        0.00        0.00        0.00        0.01      0.000      0.000         0         0      9904    143568    0    0         0.00
parallel75       01:37:33      108.14      108.04        0.00        0.00        0.00        0.00        0.01      0.000      0.000         0         0      9904    143568    0    0         0.00
parallel75       01:37:33      108.14      108.05        0.00        0.00        0.00        0.00        0.00      0.000      0.000         0         0      9904    143568    0    0         0.00
parallel75       01:37:33      108.14      108.04        0.01        0.00        0.00        0.00        0.01      0.000      0.000         0         0      9904    143568    0    0         0.00
parallel75       01:37:33      108.14      108.05        0.00        0.00        0.00        0.00        0.01      0.000      0.000         0         0      9904    143568    0    0         0.00
parallel75       01:37:33      108.14      108.05        0.01        0.00        0.00        0.00        0.02      0.000      0.000         0         0      9904    143568    0    0         0.00
parallel75       01:37:33      108.17        0.00        0.00        0.00        0.00        0.00        0.31      0.000      0.000         0         0      9904    143568    0    0         0.00
parallel75       01:37:33      108.17      108.08        0.05        0.00        0.00        0.00        0.01      0.623      0.000       656         2      9904    143568    0    0         0.00
rm               01:39:21        0.00        0.00        0.00        0.00        0.00        0.00        0.01      0.004      0.000         8         0      1504      4528    0    0         0.00
omplace          01:37:33      108.27        0.00        0.01        0.00        0.00        0.00        5.66      0.039      0.000        46         1      3456      7200    0    0         0.00


Job CSA Accounting - Summary Report
====================================

Job Accounting File Name         : /tmp/.jacct2c277
Operating System                 : Linux pople4700.psc.teragrid.or 2.6.16.60-0.42.5-default #1 SMP Mon Aug 24 09:41:41 UTC 2009 ia64
User Name (ID)                   : bparr (45460)
Group Name (ID)                  : ac3bdhp (13825)
Project Name (ID)                : ? (0)
Job ID                           : 0x2c277
Report Starts                    : 04/21/11 01:37:33
Report Ends                      : 04/21/11 01:39:21
Elapsed Time                     :          108      Seconds
User CPU Time                    :         3457.5080 Seconds
System CPU Time                  :            0.1997 Seconds
CPU Time Core Memory Integral    :            0.9408 Mbyte-seconds
CPU Time Virtual Memory Integral :           13.5310 Mbyte-seconds
Maximum Core Memory Used         :            9.6719 Mbytes
Maximum Virtual Memory Used      :          140.2031 Mbytes
Characters Read                  :            0.8448 Mbytes
Characters Written               :            0.0701 Mbytes
Logical I/O Read Requests        :          950
Logical I/O Write Requests       :           39
CPU Delay                        :            0.0560 Seconds
Block I/O Delay                  :            0.0099 Seconds
Swap In Delay                    :            0.0000 Seconds
Number of Commands               :           72
System Billing Units             :            0.0000
