Warning: no access to tty (Bad file descriptor).
Thus no job control in this shell.
module: Command not found.
module: Command not found.
ja
cd /bessemer/bparr
cp /usr/users/0/bparr/kenken/parallel parallel39
cp /usr/users/0/bparr/kenken/input/39minutes.txt p39minutes.txt
setenv OMP_NUM_THREADS 32
omplace -nt 32 ./parallel39 2 p39minutes.txt
OMP warning: KMP_AFFINITY: parameter invalid, ignoring 'disabled'
12 6 2 10 11 7 4 3 9 1 5 8
10 8 5 4 2 1 9 6 3 7 12 11
6 4 7 5 1 8 12 10 2 11 3 9
3 7 1 2 10 5 11 12 6 8 9 4
1 10 4 8 9 6 5 2 11 12 7 3
5 12 11 3 8 9 10 7 1 4 2 6
4 9 3 12 7 11 6 5 8 2 10 1
9 1 10 6 3 2 8 11 12 5 4 7
8 11 12 9 5 3 1 4 7 10 6 2
11 2 6 1 12 10 7 9 4 3 8 5
2 5 8 7 6 4 3 1 10 9 11 12
7 3 9 11 4 12 2 8 5 6 1 10
Nodes Visited: 2688631345
Computation Time = 1887600.437 millisecs
      Total Time = 1887630.804 millisecs
cp /usr/users/0/bparr/kenken/parallel parallel39
cp /usr/users/0/bparr/kenken/input/39minutes.txt p39minutes.txt
omplace -nt 32 ./parallel39 4 p39minutes.txt
OMP warning: KMP_AFFINITY: parameter invalid, ignoring 'disabled'
12 6 2 10 11 7 4 3 9 1 5 8
10 8 5 4 2 1 9 6 3 7 12 11
6 4 7 5 1 8 12 10 2 11 3 9
3 7 1 2 10 5 11 12 6 8 9 4
1 10 4 8 9 6 5 2 11 12 7 3
5 12 11 3 8 9 10 7 1 4 2 6
4 9 3 12 7 11 6 5 8 2 10 1
9 1 10 6 3 2 8 11 12 5 4 7
8 11 12 9 5 3 1 4 7 10 6 2
11 2 6 1 12 10 7 9 4 3 8 5
2 5 8 7 6 4 3 1 10 9 11 12
7 3 9 11 4 12 2 8 5 6 1 10
Nodes Visited: 2987889723
Computation Time = 1037802.938 millisecs
      Total Time = 1037834.508 millisecs
cp /usr/users/0/bparr/kenken/parallel parallel39
cp /usr/users/0/bparr/kenken/input/39minutes.txt p39minutes.txt
omplace -nt 32 ./parallel39 8 p39minutes.txt
OMP warning: KMP_AFFINITY: parameter invalid, ignoring 'disabled'
12 6 2 10 11 7 4 3 9 1 5 8
10 8 5 4 2 1 9 6 3 7 12 11
6 4 7 5 1 8 12 10 2 11 3 9
3 7 1 2 10 5 11 12 6 8 9 4
1 10 4 8 9 6 5 2 11 12 7 3
5 12 11 3 8 9 10 7 1 4 2 6
4 9 3 12 7 11 6 5 8 2 10 1
9 1 10 6 3 2 8 11 12 5 4 7
8 11 12 9 5 3 1 4 7 10 6 2
11 2 6 1 12 10 7 9 4 3 8 5
2 5 8 7 6 4 3 1 10 9 11 12
7 3 9 11 4 12 2 8 5 6 1 10
Nodes Visited: 4312628380
Computation Time = 733449.901 millisecs
      Total Time = 733483.461 millisecs
cp /usr/users/0/bparr/kenken/parallel parallel39
cp /usr/users/0/bparr/kenken/input/39minutes.txt p39minutes.txt
omplace -nt 32 ./parallel39 16 p39minutes.txt
OMP warning: KMP_AFFINITY: parameter invalid, ignoring 'disabled'
12 6 2 10 11 7 4 3 9 1 5 8
10 8 5 4 2 1 9 6 3 7 12 11
6 4 7 5 1 8 12 10 2 11 3 9
1 7 4 2 10 5 11 12 6 8 9 3
3 10 1 8 9 6 5 2 11 12 7 4
5 12 11 3 8 9 10 7 1 4 2 6
4 9 3 12 7 11 6 5 8 2 10 1
9 1 10 6 3 2 8 11 12 5 4 7
8 11 12 9 5 3 1 4 7 10 6 2
11 2 6 1 12 10 7 9 4 3 8 5
2 5 8 7 6 4 3 1 10 9 11 12
7 3 9 11 4 12 2 8 5 6 1 10
Nodes Visited: 3796668372
Computation Time = 326042.198 millisecs
      Total Time = 326079.279 millisecs
cp /usr/users/0/bparr/kenken/parallel parallel39
cp /usr/users/0/bparr/kenken/input/39minutes.txt p39minutes.txt
omplace -nt 32 ./parallel39 24 p39minutes.txt
OMP warning: KMP_AFFINITY: parameter invalid, ignoring 'disabled'
12 6 2 10 11 7 4 3 9 1 5 8
10 8 5 4 2 1 9 6 3 7 12 11
6 4 7 5 1 8 12 10 2 11 3 9
3 7 1 2 10 5 11 12 6 8 9 4
1 10 4 8 9 6 5 2 11 12 7 3
5 12 11 3 8 9 10 7 1 4 2 6
4 9 3 12 7 11 6 5 8 2 10 1
9 1 10 6 3 2 8 11 12 5 4 7
8 11 12 9 5 3 1 4 7 10 6 2
11 2 6 1 12 10 7 9 4 3 8 5
2 5 8 7 6 4 3 1 10 9 11 12
7 3 9 11 4 12 2 8 5 6 1 10
Nodes Visited: 9971197791
Computation Time = 560267.667 millisecs
      Total Time = 560308.749 millisecs
cp /usr/users/0/bparr/kenken/parallel parallel39
cp /usr/users/0/bparr/kenken/input/39minutes.txt p39minutes.txt
omplace -nt 32 ./parallel39 32 p39minutes.txt
OMP warning: KMP_AFFINITY: parameter invalid, ignoring 'disabled'
12 6 2 10 11 1 4 3 9 7 5 8
10 8 5 4 1 7 9 6 2 3 12 11
6 4 7 5 2 8 12 10 1 11 3 9
1 7 4 2 10 5 11 12 6 8 9 3
3 10 1 8 9 6 5 2 11 12 7 4
5 12 11 3 8 9 10 7 4 1 2 6
4 9 3 12 7 11 6 5 8 2 10 1
9 1 10 6 3 2 8 11 12 5 4 7
8 11 12 9 5 3 1 4 7 10 6 2
11 2 6 1 12 10 7 9 3 4 8 5
2 5 8 7 6 4 3 1 10 9 11 12
7 3 9 11 4 12 2 8 5 6 1 10
Nodes Visited: 6639356110
Computation Time = 287222.499 millisecs
      Total Time = 287267.411 millisecs
ja -chlst


Job Accounting - Command Report
===============================

    Command       Started    Elapsed    User CPU    Sys CPU       CPU      Block I/O    Swap In      CPU MEM        Characters           Logical I/O      CoreMem   VirtMem   Ex
     Name           At       Seconds    Seconds     Seconds    Delay Secs  Delay Secs  Delay Secs  Avg Mbytes     Read     Written     Read      Write    HiValue   HiValue   St   Ni  Fl   SBU's 
===============  ========  ==========  ==========  ==========  ==========  ==========  ==========  ==========  =========  =========  ========  ========  ========  ========  ===  ===  ==  =======
# CFG   ON(    1) (    7)  13:19:36 04/21/2011  System:  Linux pople4700.psc.teragrid.or 2.6.16.60-0.42.5-default #1 SMP Mon Aug 24 09:41:41 UTC 2009 ia64
ja               13:19:36        0.02        0.00        0.00        0.00        0.00        0.00        5.84      0.018      0.000        18         4      2112      5872    0    0         0.00
cp               13:19:36        0.01        0.00        0.00        0.00        0.00        0.00        0.01      0.074      0.068        12         2      1744      6576    0    0         0.00
cp               13:19:36        0.01        0.00        0.01        0.00        0.00        0.00        4.03      0.007      0.001        12         2      1680      6576    0    0         0.00
cpuset           13:19:36        0.00        0.00        0.00        0.00        0.00        0.00        0.00      0.003      0.000         9         1      1232      3488    0    0         0.00
cpuset           13:19:36        0.00        0.00        0.00        0.00        0.00        0.00        0.01      0.007      0.000        28         1      1472      3600    0    0         0.00
expr             13:19:36        0.00        0.00        0.00        0.00        0.00        0.00        0.01      0.004      0.000         8         1      1456      4560    0    0         0.00
omplace          13:19:36        0.00        0.00        0.00        0.00        0.00        0.00        0.02      0.000      0.000         0         1      2096      7200    0    0  F      0.00
sed              13:19:36        0.00        0.00        0.01        0.00        0.00        0.00        8.17      0.004      0.000        10         1      1760      4720    0    0         0.00
omplace          13:19:36        0.01        0.00        0.00        0.00        0.00        0.00        0.01      0.000      0.000         0         0      2000      7136    0    0  F      0.00
omplace          13:19:36        0.00        0.00        0.00        0.00        0.00        0.00        0.02      0.000      0.000         0         1      2128      7200    0    0  F      0.00
sed              13:19:36        0.00        0.00        0.00        0.00        0.00        0.00        0.01      0.004      0.000        10         1      1760      4720    0    0         0.00
omplace          13:19:36        0.00        0.00        0.00        0.00        0.00        0.00        0.01      0.000      0.000         0         0      2000      7136    0    0  F      0.00
omplace          13:19:36        0.00        0.00        0.00        0.00        0.00        0.00        0.02      0.000      0.000         0         1      2128      7200    0    0  F      0.00
cut              13:19:36        0.00        0.00        0.00        0.00        0.00        0.00        0.01      0.004      0.000        10         1      1584      4640    0    0         0.00
omplace          13:19:36        0.00        0.00        0.00        0.00        0.00        0.00        0.01      0.000      0.000         0         0      2000      7136    0    0  F      0.00
omplace          13:19:36        0.00        0.00        0.00        0.00        0.00        0.00        0.02      0.000      0.000         0         1      2128      7200    0    0  F      0.00
grep             13:19:36        0.00        0.00        0.00        0.00        0.00        0.00        8.78      0.004      0.000        10         0      1824      4736    1    0         0.00
omplace          13:19:36        0.00        0.00        0.00        0.00        0.00        0.00        0.02      0.000      0.000         0         1      2144      7216    0    0  F      0.00
cut              13:19:36        0.00        0.00        0.01        0.00        0.00        0.00        8.54      0.004      0.000        10         1      1584      4640    0    0         0.00
omplace          13:19:36        0.01        0.00        0.00        0.00        0.00        0.00        0.01      0.000      0.000         0         0      2016      7152    0    0  F      0.00
omplace          13:19:36        0.00        0.00        0.00        0.00        0.00        0.00        0.02      0.000      0.000         0         1      2144      7216    0    0  F      0.00
cut              13:19:36        0.00        0.00        0.00        0.00        0.00        0.00        0.01      0.004      0.000        10         1      1584      4640    0    0         0.00
omplace          13:19:36        0.00        0.00        0.00        0.00        0.00        0.00        0.01      0.000      0.000         0         0      2016      7152    0    0  F      0.00
seq              13:19:36        0.00        0.00        0.00        0.00        0.00        0.00        0.69      0.005      0.000         9         1      1728      5408    0    0         0.00
omplace          13:19:36        0.00        0.00        0.00        0.00        0.00        0.00        0.02      0.000      0.000         0         0      2176      7136    0    0  F      0.00
omplace          13:19:36        0.04        0.00        0.00        0.00        0.00        0.00        4.33      0.000      0.000        12         1      2480      7200    0    0  F      0.00
omplace          13:19:36        0.00        0.00        0.00        0.00        0.00        0.00        0.02      0.000      0.000         0         1      2112      7200    0    0  F      0.00
wc               13:19:36        0.00        0.00        0.00        0.00        0.00        0.00        0.00      0.004      0.000        10         1      1664      4560    0    0         0.00
omplace          13:19:36        0.00        0.00        0.00        0.00        0.00        0.00        0.01      0.000      0.000         0         0      1984      7136    0    0  F      0.00
expr             13:19:36        0.00        0.00        0.00        0.00        0.00        0.00        0.00      0.004      0.000         8         1      1456      4560    0    0         0.00
cat              13:19:36        0.00        0.00        0.00        0.00        0.00        0.00        8.64      0.004      0.000        10         2      1488      4496    0    0         0.00
expr             13:19:36        0.00        0.00        0.00        0.00        0.00        0.00        0.01      0.004      0.000         8         1      1456      4560    0    0         0.00
expr             13:19:36        0.00        0.00        0.00        0.00        0.00        0.00        0.01      0.004      0.000         8         1      1456      4560    0    0         0.00
expr             13:19:36        0.00        0.00        0.00        0.00        0.00        0.00        0.01      0.004      0.000         8         1      1456      4560    1    0         0.00
cat              13:19:36        0.01        0.00        0.00        0.00        0.00        0.00        3.47      0.004      0.000        12         2      1488      4496    0    0         0.00
expr             13:19:36        0.00        0.00        0.00        0.00        0.00        0.00        0.01      0.004      0.000         8         1      1456      4560    0    0         0.00
omplace          13:19:36        0.00        0.00        0.00        0.00        0.00        0.00        0.02      0.000      0.000         0         1      2384      7200    0    0  F      0.00
parallel39       13:19:37     1887.66     1887.43        0.00        0.02        0.10        0.00        0.00      0.000      0.000         0         0      3744     15728    0    0         0.00
parallel39       13:19:37     1887.75        0.00        0.00        0.01        0.00        0.00        0.04      0.000      0.000         0         0      3744     15728    0    0         0.00
parallel39       13:19:37     1887.75     1887.44        0.04        0.01        0.10        0.00        0.00      0.624      0.000       656         2      3744     15728    0    0         0.00
rm               13:51:04        0.00        0.00        0.00        0.00        0.00        0.00        1.14      0.004      0.000         8         0      1504      4528    0    0         0.00
omplace          13:19:37     1887.86        0.01        0.02        0.00        0.00        0.00        5.44      0.039      0.000        46         1      3456      7200    0    0         0.00
cp               13:51:04        0.01        0.00        0.00        0.00        0.00        0.00        4.06      0.074      0.068        12         2      1744      6576    0    0         0.00
cp               13:51:04        0.01        0.00        0.01        0.00        0.00        0.00        4.13      0.007      0.001        12         2      1680      6576    0    0         0.00
cpuset           13:51:04        0.01        0.00        0.00        0.00        0.01        0.00        4.36      0.003      0.000         9         1      1232      3488    0    0         0.00
cpuset           13:51:04        0.01        0.00        0.00        0.00        0.00        0.00        4.53      0.007      0.000        28         1      1472      3600    0    0         0.00
expr             13:51:04        0.00        0.00        0.00        0.00        0.00        0.00        0.94      0.004      0.000         8         1      1456      4560    0    0         0.00
omplace          13:51:04        0.00        0.00        0.00        0.00        0.00        0.00        0.02      0.000      0.000         0         1      2096      7200    0    0  F      0.00
sed              13:51:04        0.00        0.00        0.00        0.00        0.00        0.00        4.15      0.004      0.000        10         1      1760      4720    0    0         0.00
omplace          13:51:04        0.01        0.00        0.00        0.00        0.00        0.00        0.01      0.000      0.000         0         0      2000      7136    0    0  F      0.00
omplace          13:51:04        0.00        0.00        0.00        0.00        0.00        0.00        0.02      0.000      0.000         0         1      2128      7200    0    0  F      0.00
sed              13:51:04        0.01        0.00        0.00        0.00        0.00        0.00        0.00      0.004      0.000        10         1      1760      4720    0    0         0.00
omplace          13:51:04        0.01        0.00        0.00        0.00        0.00        0.00        0.01      0.000      0.000         0         0      2000      7136    0    0  F      0.00
omplace          13:51:04        0.00        0.00        0.00        0.00        0.00        0.00        0.02      0.000      0.000         0         1      2128      7200    0    0  F      0.00
cut              13:51:04        0.00        0.00        0.00        0.00        0.00        0.00        0.00      0.004      0.000        10         1      1584      4640    0    0         0.00
omplace          13:51:04        0.01        0.00        0.00        0.00        0.00        0.00        8.08      0.000      0.000         0         0      2000      7136    0    0  F      0.00
omplace          13:51:04        0.00        0.00        0.00        0.00        0.00        0.00        0.02      0.000      0.000         0         1      2128      7200    0    0  F      0.00
grep             13:51:04        0.01        0.00        0.00        0.00        0.00        0.00        0.00      0.004      0.000        10         0      1824      4736    1    0         0.00
omplace          13:51:04        0.00        0.00        0.00        0.00        0.00        0.00        0.02      0.000      0.000         0         1      2144      7216    0    0  F      0.00
cut              13:51:04        0.00        0.00        0.00        0.00        0.00        0.00        0.00      0.004      0.000        10         1      1584      4640    0    0         0.00
omplace          13:51:04        0.00        0.00        0.00        0.00        0.00        0.00        0.01      0.000      0.000         0         0      2016      7152    0    0  F      0.00
omplace          13:51:04        0.00        0.00        0.00        0.00        0.00        0.00        0.02      0.000      0.000         0         1      2144      7216    0    0  F      0.00
cut              13:51:04        0.00        0.00        0.00        0.00        0.00        0.00        0.01      0.004      0.000        10         1      1584      4640    0    0         0.00
omplace          13:51:04        0.00        0.00        0.00        0.00        0.00        0.00        0.01      0.000      0.000         0         0      2016      7152    0    0  F      0.00
seq              13:51:04        0.01        0.00        0.00        0.00        0.00        0.00        0.01      0.005      0.000         9         1      1728      5408    0    0         0.00
omplace          13:51:04        0.01        0.00        0.01        0.00        0.00        0.00        9.00      0.000      0.000         0         0      2176      7136    0    0  F      0.00
omplace          13:51:04        0.05        0.00        0.00        0.00        0.00        0.00        8.72      0.000      0.000        12         1      2480      7200    0    0  F      0.00
omplace          13:51:04        0.00        0.00        0.00        0.00        0.00        0.00        0.02      0.000      0.000         0         1      2112      7200    0    0  F      0.00
wc               13:51:04        0.01        0.00        0.00        0.00        0.00        0.00        8.28      0.004      0.000        10         1      1664      4560    0    0         0.00
omplace          13:51:04        0.01        0.00        0.00        0.00        0.00        0.00        0.01      0.000      0.000         0         0      1984      7136    0    0  F      0.00
expr             13:51:04        0.00        0.00        0.00        0.00        0.00        0.00        0.01      0.004      0.000         8         1      1456      4560    0    0         0.00
cat              13:51:04        0.02        0.00        0.00        0.00        0.00        0.00        4.32      0.004      0.000        10         2      1488      4496    0    0         0.00
expr             13:51:04        0.00        0.00        0.00        0.00        0.00        0.00        5.72      0.004      0.000         8         1      1456      4560    0    0         0.00
expr             13:51:04        0.00        0.00        0.00        0.00        0.00        0.00        0.01      0.004      0.000         8         1      1456      4560    0    0         0.00
expr             13:51:04        0.00        0.00        0.00        0.00        0.00        0.00        0.00      0.004      0.000         8         1      1456      4560    1    0         0.00
cat              13:51:04        0.02        0.00        0.00        0.00        0.00        0.00        0.01      0.004      0.000        12         2      1488      4496    0    0         0.00
expr             13:51:04        0.00        0.00        0.00        0.00        0.00        0.00        0.01      0.004      0.000         8         1      1456      4560    0    0         0.00
omplace          13:51:04        0.00        0.00        0.00        0.00        0.00        0.00        0.02      0.000      0.000         0         1      2384      7200    0    0  F      0.00
parallel39       13:51:05     1037.86     1037.44        0.01        0.02        0.31        0.00        0.00      0.000      0.000         0         0      4288     24064    0    0         0.00
parallel39       13:51:05     1037.86     1037.45        0.03        0.02        0.31        0.00        0.00      0.000      0.000         0         0      4288     24064    0    0         0.00
parallel39       13:51:05     1037.86     1037.44        0.03        0.01        0.31        0.00        0.00      0.000      0.000         0         0      4288     24064    0    0         0.00
parallel39       13:51:05     1037.91        0.00        0.00        0.00        0.00        0.00        0.06      0.000      0.000         0         0      4288     24064    0    0         0.00
parallel39       13:51:05     1037.91     1037.44        0.06        0.01        0.31        0.00        0.00      0.624      0.000       656         2      4288     24064    0    0         0.00
rm               14:08:22        0.01        0.00        0.00        0.00        0.00        0.00        4.14      0.004      0.000         8         0      1504      4528    0    0         0.00
omplace          13:51:04     1038.08        0.00        0.03        0.00        0.00        0.00        7.56      0.039      0.000        46         1      3456      7200    0    0         0.00
cp               14:08:22        0.01        0.00        0.01        0.00        0.00        0.00        5.62      0.074      0.068        12         2      1744      6576    0    0         0.00
cp               14:08:22        0.01        0.00        0.00        0.00        0.00        0.00        6.28      0.007      0.001        12         2      1680      6576    0    0         0.00
cpuset           14:08:22        0.01        0.00        0.00        0.00        0.01        0.00        0.01      0.003      0.000         9         1      1232      3488    0    0         0.00
cpuset           14:08:22        0.00        0.00        0.00        0.00        0.00        0.00        8.55      0.007      0.000        28         1      1472      3600    0    0         0.00
expr             14:08:22        0.01        0.00        0.00        0.00        0.00        0.00        8.95      0.004      0.000         8         1      1456      4560    0    0         0.00
omplace          14:08:22        0.00        0.00        0.00        0.00        0.00        0.00        0.02      0.000      0.000         0         1      2096      7200    0    0  F      0.00
sed              14:08:22        0.01        0.00        0.00        0.00        0.00        0.00        8.73      0.004      0.000        10         1      1760      4720    0    0         0.00
omplace          14:08:22        0.01        0.00        0.00        0.00        0.00        0.00        0.01      0.000      0.000         0         0      2000      7136    0    0  F      0.00
omplace          14:08:22        0.00        0.00        0.00        0.00        0.00        0.00        0.02      0.000      0.000         0         1      2128      7200    0    0  F      0.00
sed              14:08:22        0.00        0.00        0.00        0.00        0.00        0.00        0.01      0.004      0.000        10         1      1760      4720    0    0         0.00
omplace          14:08:22        0.01        0.00        0.00        0.00        0.00        0.00        8.31      0.000      0.000         0         0      2000      7136    0    0  F      0.00
omplace          14:08:22        0.00        0.00        0.00        0.00        0.00        0.00        0.02      0.000      0.000         0         1      2128      7200    0    0  F      0.00
cut              14:08:22        0.00        0.00        0.00        0.00        0.00        0.00        6.08      0.004      0.000        10         1      1584      4640    0    0         0.00
omplace          14:08:22        0.01        0.00        0.00        0.00        0.00        0.00        0.01      0.000      0.000         0         0      2000      7136    0    0  F      0.00
omplace          14:08:22        0.00        0.00        0.00        0.00        0.00        0.00        0.02      0.000      0.000         0         1      2128      7200    0    0  F      0.00
grep             14:08:22        0.00        0.00        0.00        0.00        0.00        0.00        0.01      0.004      0.000        10         0      1824      4736    1    0         0.00
omplace          14:08:22        0.00        0.00        0.00        0.00        0.00        0.00        0.02      0.000      0.000         0         1      2144      7216    0    0  F      0.00
cut              14:08:22        0.00        0.00        0.00        0.00        0.00        0.00        0.95      0.004      0.000        10         1      1584      4640    0    0         0.00
omplace          14:08:22        0.00        0.00        0.00        0.00        0.00        0.00        0.01      0.000      0.000         0         0      2016      7152    0    0  F      0.00
omplace          14:08:22        0.00        0.00        0.00        0.00        0.00        0.00        0.02      0.000      0.000         0         1      2144      7216    0    0  F      0.00
cut              14:08:22        0.00        0.00        0.00        0.00        0.00        0.00        0.01      0.004      0.000        10         1      1584      4640    0    0         0.00
omplace          14:08:22        0.00        0.00        0.00        0.00        0.00        0.00        0.01      0.000      0.000         0         0      2016      7152    0    0  F      0.00
seq              14:08:22        0.02        0.00        0.01        0.00        0.01        0.00        4.15      0.005      0.000         9         1      1728      5408    0    0         0.00
omplace          14:08:22        0.02        0.00        0.00        0.00        0.00        0.00        0.02      0.000      0.000         0         0      2176      7136    0    0  F      0.00
omplace          14:08:22        0.05        0.00        0.00        0.00        0.00        0.00        8.64      0.000      0.000        12         1      2480      7200    0    0  F      0.00
omplace          14:08:22        0.00        0.00        0.00        0.00        0.00        0.00        0.02      0.000      0.000         0         1      2112      7200    0    0  F      0.00
wc               14:08:22        0.01        0.00        0.00        0.00        0.01        0.00        0.00      0.004      0.000        10         1      1664      4560    0    0         0.00
omplace          14:08:22        0.02        0.00        0.00        0.00        0.00        0.00        7.72      0.000      0.000         0         0      1984      7136    0    0  F      0.00
expr             14:08:22        0.00        0.00        0.00        0.00        0.00        0.00        7.58      0.004      0.000         8         1      1456      4560    0    0         0.00
cat              14:08:22        0.04        0.00        0.00        0.00        0.00        0.00        9.19      0.004      0.000        10         2      1488      4496    0    0         0.00
expr             14:08:22        0.00        0.00        0.00        0.00        0.00        0.00        4.28      0.004      0.000         8         1      1456      4560    0    0         0.00
expr             14:08:22        0.00        0.00        0.00        0.00        0.00        0.00        0.01      0.004      0.000         8         1      1456      4560    0    0         0.00
expr             14:08:22        0.00        0.00        0.00        0.00        0.00        0.00        0.00      0.004      0.000         8         1      1456      4560    1    0         0.00
cat              14:08:22        0.05        0.00        0.00        0.00        0.00        0.00        5.84      0.004      0.000        12         2      1488      4496    0    0         0.00
expr             14:08:22        0.00        0.00        0.00        0.00        0.00        0.00        0.01      0.004      0.000         8         1      1456      4560    0    0         0.00
omplace          14:08:22        0.00        0.00        0.00        0.00        0.00        0.00        0.02      0.000      0.000         0         1      2384      7200    0    0  F      0.00
parallel39       14:08:23      733.51      733.39        0.00        0.01        0.03        0.00        0.00      0.000      0.000         0         0      5344     41824    0    0         0.00
parallel39       14:08:23      733.51      733.43        0.00        0.01        0.03        0.00        0.00      0.000      0.000         0         0      5344     41824    0    0         0.00
parallel39       14:08:23      733.51      733.43        0.00        0.02        0.03        0.00        0.00      0.000      0.000         0         0      5344     41824    0    0         0.00
parallel39       14:08:23      733.51      733.43        0.01        0.01        0.03        0.00        0.00      0.000      0.000         0         0      5344     41824    0    0         0.00
parallel39       14:08:23      733.51      733.39        0.00        0.01        0.03        0.00        0.00      0.000      0.000         0         0      5344     41824    0    0         0.00
parallel39       14:08:23      733.51      733.39        0.00        0.01        0.03        0.00        0.00      0.000      0.000         0         0      5344     41824    0    0         0.00
parallel39       14:08:23      733.51      733.43        0.00        0.01        0.03        0.00        0.00      0.000      0.000         0         0      5344     41824    0    0         0.00
parallel39       14:08:23      733.71        0.00        0.00        0.00        0.00        0.00        0.09      0.000      0.000         0         0      5344     41824    0    0         0.00
parallel39       14:08:23      733.71      733.42        0.04        0.00        0.03        0.00        0.00      0.624      0.000       656         2      5344     41824    0    0         0.00
rm               14:20:36        0.11        0.00        0.00        0.00        0.01        0.00        0.01      0.004      0.000         8         0      1504      4528    0    0         0.00
omplace          14:08:22      734.05        0.02        0.02        0.00        0.00        0.00        4.86      0.039      0.000        46         1      3456      7200    0    0         0.00
cp               14:20:36        0.02        0.00        0.01        0.00        0.01        0.00        4.06      0.074      0.068        12         2      1744      6576    0    0         0.00
cp               14:20:36        0.02        0.00        0.00        0.00        0.00        0.00        1.02      0.007      0.001        12         2      1680      6576    0    0         0.00
cpuset           14:20:36        0.01        0.01        0.00        0.00        0.01        0.00        0.00      0.003      0.000         9         1      1232      3488    0    0         0.00
cpuset           14:20:36        0.01        0.00        0.01        0.00        0.00        0.00        6.95      0.007      0.000        28         1      1472      3600    0    0         0.00
expr             14:20:36        0.01        0.00        0.00        0.00        0.01        0.00        0.01      0.004      0.000         8         1      1456      4560    0    0         0.00
omplace          14:20:36        0.00        0.00        0.00        0.00        0.00        0.00        0.02      0.000      0.000         0         1      2096      7200    0    0  F      0.00
sed              14:20:36        0.01        0.00        0.00        0.00        0.01        0.00        4.36      0.004      0.000        10         1      1760      4720    0    0         0.00
omplace          14:20:36        0.01        0.00        0.00        0.00        0.00        0.00        8.38      0.000      0.000         0         0      2000      7136    0    0  F      0.00
omplace          14:20:36        0.00        0.00        0.00        0.00        0.00        0.00        0.02      0.000      0.000         0         1      2128      7200    0    0  F      0.00
sed              14:20:36        0.00        0.00        0.00        0.00        0.00        0.00        7.84      0.004      0.000        10         1      1760      4720    0    0         0.00
omplace          14:20:36        0.00        0.00        0.00        0.00        0.00        0.00        0.01      0.000      0.000         0         0      2000      7136    0    0  F      0.00
omplace          14:20:36        0.00        0.00        0.00        0.00        0.00        0.00        0.02      0.000      0.000         0         1      2128      7200    0    0  F      0.00
cut              14:20:36        0.01        0.00        0.00        0.00        0.00        0.00        0.01      0.004      0.000        10         1      1584      4640    0    0         0.00
omplace          14:20:36        0.01        0.00        0.00        0.00        0.00        0.00        0.01      0.000      0.000         0         0      2000      7136    0    0  F      0.00
omplace          14:20:36        0.00        0.00        0.00        0.00        0.00        0.00        0.02      0.000      0.000         0         1      2128      7200    0    0  F      0.00
grep             14:20:36        0.01        0.00        0.00        0.00        0.01        0.00        0.00      0.004      0.000        10         0      1824      4736    1    0         0.00
omplace          14:20:36        0.00        0.00        0.00        0.00        0.00        0.00        0.02      0.000      0.000         0         1      2144      7216    0    0  F      0.00
cut              14:20:36        0.00        0.00        0.00        0.00        0.00        0.00        0.00      0.004      0.000        10         1      1584      4640    0    0         0.00
omplace          14:20:36        0.01        0.00        0.00        0.00        0.00        0.00        0.01      0.000      0.000         0         0      2016      7152    0    0  F      0.00
omplace          14:20:36        0.00        0.00        0.00        0.00        0.00        0.00        0.02      0.000      0.000         0         1      2144      7216    0    0  F      0.00
cut              14:20:36        0.00        0.00        0.00        0.00        0.00        0.00        0.01      0.004      0.000        10         1      1584      4640    0    0         0.00
omplace          14:20:36        0.00        0.00        0.00        0.00        0.00        0.00        8.44      0.000      0.000         0         0      2016      7152    0    0  F      0.00
seq              14:20:36        0.01        0.00        0.00        0.00        0.00        0.00        0.01      0.005      0.000         9         1      1728      5408    0    0         0.00
omplace          14:20:36        0.01        0.00        0.00        0.00        0.00        0.00        0.02      0.000      0.000         0         0      2176      7136    0    0  F      0.00
omplace          14:20:36        0.06        0.00        0.00        0.00        0.00        0.00        9.45      0.000      0.000        12         1      2480      7200    0    0  F      0.00
omplace          14:20:36        0.00        0.00        0.00        0.00        0.00        0.00        0.02      0.000      0.000         0         1      2112      7200    0    0  F      0.00
wc               14:20:36        0.01        0.00        0.00        0.00        0.00        0.00        0.01      0.004      0.000        10         1      1664      4560    0    0         0.00
omplace          14:20:36        0.01        0.00        0.00        0.00        0.00        0.00        0.01      0.000      0.000         0         0      1984      7136    0    0  F      0.00
expr             14:20:36        0.00        0.00        0.00        0.00        0.00        0.00        5.41      0.004      0.000         8         1      1456      4560    0    0         0.00
cat              14:20:36        0.02        0.01        0.00        0.00        0.00        0.00        2.66      0.004      0.000        10         2      1488      4496    0    0         0.00
expr             14:20:36        0.00        0.00        0.00        0.00        0.00        0.00        0.00      0.004      0.000         8         1      1456      4560    0    0         0.00
expr             14:20:36        0.00        0.00        0.00        0.00        0.00        0.00        0.01      0.004      0.000         8         1      1456      4560    0    0         0.00
expr             14:20:36        0.00        0.00        0.00        0.00        0.00        0.00        0.01      0.004      0.000         8         1      1456      4560    1    0         0.00
cat              14:20:36        0.01        0.00        0.00        0.00        0.00        0.00        0.01      0.004      0.000        12         2      1488      4496    0    0         0.00
expr             14:20:36        0.00        0.00        0.00        0.00        0.00        0.00        0.01      0.004      0.000         8         1      1456      4560    0    0         0.00
omplace          14:20:36        0.00        0.00        0.00        0.00        0.00        0.00        0.02      0.000      0.000         0         1      2384      7200    0    0  F      0.00
parallel39       14:20:36      326.11      326.05        0.00        0.00        0.00        0.00        0.00      0.000      0.000         0         0      7472     76848    0    0         0.00
parallel39       14:20:36      326.11      326.03        0.01        0.00        0.00        0.00        0.00      0.000      0.000         0         0      7472     76848    0    0         0.00
parallel39       14:20:36      326.11      326.03        0.00        0.01        0.00        0.00        0.00      0.000      0.000         0         0      7472     76848    0    0         0.00
parallel39       14:20:36      326.11      326.03        0.00        0.00        0.00        0.00        0.00      0.000      0.000         0         0      7472     76848    0    0         0.00
parallel39       14:20:36      326.11      326.05        0.00        0.00        0.00        0.00        0.00      0.000      0.000         0         0      7472     76848    0    0         0.00
parallel39       14:20:36      326.11      326.04        0.00        0.00        0.00        0.00        0.00      0.000      0.000         0         0      7472     76848    0    0         0.00
parallel39       14:20:36      326.11      326.04        0.00        0.02        0.00        0.00        0.00      0.000      0.000         0         0      7472     76848    0    0         0.00
parallel39       14:20:36      326.11      326.05        0.00        0.00        0.00        0.00        0.00      0.000      0.000         0         0      7472     76848    0    0         0.00
parallel39       14:20:36      326.11      326.04        0.00        0.01        0.00        0.00        0.00      0.000      0.000         0         0      7472     76848    0    0         0.00
parallel39       14:20:36      326.11      326.05        0.00        0.00        0.00        0.00        0.00      0.000      0.000         0         0      7472     76848    0    0         0.00
parallel39       14:20:36      326.11      326.04        0.00        0.01        0.00        0.00        0.00      0.000      0.000         0         0      7472     76848    0    0         0.00
parallel39       14:20:36      326.11      326.03        0.00        0.01        0.00        0.00        0.00      0.000      0.000         0         0      7472     76848    0    0         0.00
parallel39       14:20:36      326.11      326.03        0.00        0.00        0.00        0.00        0.00      0.000      0.000         0         0      7472     76848    0    0         0.00
parallel39       14:20:36      326.11      326.03        0.00        0.01        0.00        0.00        0.00      0.000      0.000         0         0      7472     76848    0    0         0.00
parallel39       14:20:36      326.11      326.03        0.01        0.01        0.00        0.00        0.00      0.000      0.000         0         0      7472     76848    0    0         0.00
parallel39       14:20:36      326.26        0.00        0.00        0.00        0.00        0.00       12.62      0.000      0.000         0         0      7472     76848    0    0         0.00
parallel39       14:20:36      326.26      326.04        0.04        0.00        0.00        0.00        0.00      0.624      0.000       656         2      7472     76848    0    0         0.00
rm               14:26:02        0.04        0.00        0.01        0.00        0.02        0.00        6.39      0.004      0.000         8         0      1504      4528    0    0         0.00
omplace          14:20:36      326.46        0.00        0.02        0.00        0.00        0.00        8.07      0.039      0.000        46         1      3456      7200    0    0         0.00
cp               14:26:03        0.02        0.00        0.02        0.00        0.01        0.00        5.91      0.074      0.068        12         2      1744      6576    0    0         0.00
cp               14:26:03        0.01        0.00        0.00        0.00        0.00        0.00        1.31      0.007      0.001        12         2      1680      6576    0    0         0.00
cpuset           14:26:03        0.01        0.00        0.00        0.00        0.01        0.00        1.14      0.003      0.000         9         1      1232      3488    0    0         0.00
cpuset           14:26:03        0.00        0.00        0.00        0.00        0.00        0.00        0.81      0.007      0.000        28         1      1472      3600    0    0         0.00
expr             14:26:03        0.00        0.00        0.00        0.00        0.00        0.00        0.01      0.004      0.000         8         1      1456      4560    0    0         0.00
omplace          14:26:03        0.00        0.00        0.00        0.00        0.00        0.00        0.02      0.000      0.000         0         1      2096      7200    0    0  F      0.00
sed              14:26:03        0.01        0.00        0.00        0.00        0.01        0.00        0.00      0.004      0.000        10         1      1760      4720    0    0         0.00
omplace          14:26:03        0.01        0.00        0.00        0.00        0.00        0.00        0.01      0.000      0.000         0         0      2000      7136    0    0  F      0.00
omplace          14:26:03        0.00        0.00        0.00        0.00        0.00        0.00        0.02      0.000      0.000         0         1      2128      7200    0    0  F      0.00
sed              14:26:03        0.00        0.01        0.00        0.00        0.00        0.00        0.00      0.004      0.000        10         1      1760      4720    0    0         0.00
omplace          14:26:03        0.01        0.00        0.00        0.00        0.00        0.00        8.42      0.000      0.000         0         0      2000      7136    0    0  F      0.00
omplace          14:26:03        0.00        0.00        0.00        0.00        0.00        0.00        0.02      0.000      0.000         0         1      2128      7200    0    0  F      0.00
cut              14:26:03        0.01        0.00        0.00        0.00        0.00        0.00        0.01      0.004      0.000        10         1      1584      4640    0    0         0.00
omplace          14:26:03        0.01        0.00        0.00        0.00        0.00        0.00        0.01      0.000      0.000         0         0      2000      7136    0    0  F      0.00
omplace          14:26:03        0.00        0.00        0.00        0.00        0.00        0.00        7.84      0.000      0.000         0         1      2128      7200    0    0  F      0.00
grep             14:26:03        0.02        0.00        0.00        0.00        0.01        0.00        3.77      0.004      0.000        10         0      1824      4736    1    0         0.00
omplace          14:26:03        0.00        0.00        0.00        0.00        0.00        0.00        0.02      0.000      0.000         0         1      2144      7216    0    0  F      0.00
cut              14:26:03        0.00        0.00        0.00        0.00        0.00        0.00        4.45      0.004      0.000        10         1      1584      4640    0    0         0.00
omplace          14:26:03        0.00        0.00        0.00        0.00        0.00        0.00        0.01      0.000      0.000         0         0      2016      7152    0    0  F      0.00
omplace          14:26:03        0.00        0.00        0.00        0.00        0.00        0.00        0.02      0.000      0.000         0         1      2144      7216    0    0  F      0.00
cut              14:26:03        0.00        0.00        0.01        0.00        0.00        0.00        4.16      0.004      0.000        10         1      1584      4640    0    0         0.00
omplace          14:26:03        0.00        0.00        0.00        0.00        0.00        0.00        0.01      0.000      0.000         0         0      2016      7152    0    0  F      0.00
seq              14:26:03        0.01        0.00        0.00        0.00        0.00        0.00        0.00      0.005      0.000         9         1      1728      5408    0    0         0.00
omplace          14:26:03        0.01        0.00        0.00        0.00        0.00        0.00        0.02      0.000      0.000         0         0      2176      7136    0    0  F      0.00
omplace          14:26:03        0.07        0.00        0.00        0.00        0.00        0.00        4.33      0.000      0.000        12         1      2480      7200    0    0  F      0.00
omplace          14:26:03        0.00        0.00        0.00        0.00        0.00        0.00        0.02      0.000      0.000         0         1      2112      7200    0    0  F      0.00
wc               14:26:03        0.01        0.00        0.00        0.00        0.00        0.00        0.91      0.004      0.000        10         1      1664      4560    0    0         0.00
omplace          14:26:03        0.01        0.00        0.00        0.00        0.00        0.00        0.01      0.000      0.000         0         0      1984      7136    0    0  F      0.00
expr             14:26:03        0.00        0.00        0.00        0.00        0.00        0.00        0.94      0.004      0.000         8         1      1456      4560    0    0         0.00
cat              14:26:03        0.45        0.00        0.00        0.00        0.00        0.00        9.06      0.004      0.000        10         2      1488      4496    0    0         0.00
expr             14:26:03        0.00        0.00        0.00        0.00        0.00        0.00        0.01      0.004      0.000         8         1      1456      4560    0    0         0.00
expr             14:26:03        0.00        0.00        0.00        0.00        0.00        0.00        0.00      0.004      0.000         8         1      1456      4560    0    0         0.00
expr             14:26:03        0.00        0.00        0.00        0.00        0.00        0.00        0.01      0.004      0.000         8         1      1456      4560    1    0         0.00
cat              14:26:03        0.02        0.00        0.00        0.00        0.00        0.00        0.00      0.004      0.000        12         2      1488      4496    0    0         0.00
expr             14:26:03        0.00        0.00        0.00        0.00        0.00        0.00        4.11      0.004      0.000         8         1      1456      4560    0    0         0.00
omplace          14:26:03        0.00        0.00        0.00        0.00        0.00        0.00        0.02      0.000      0.000         0         1      2384      7200    0    0  F      0.00
parallel39       14:26:03      560.33      560.26        0.00        0.02        0.00        0.00        0.00      0.000      0.000         0         0      9504    111440    0    0         0.00
parallel39       14:26:03      560.33      560.24        0.00        0.01        0.00        0.00        0.00      0.000      0.000         0         0      9504    111440    0    0         0.00
parallel39       14:26:03      560.33      560.19        0.00        0.01        0.00        0.00        0.00      0.000      0.000         0         0      9504    111440    0    0         0.00
parallel39       14:26:03      560.33      560.20        0.00        0.01        0.00        0.00        0.00      0.000      0.000         0         0      9504    111440    0    0         0.00
parallel39       14:26:03      560.34      560.19        0.00        0.00        0.00        0.00        0.00      0.000      0.000         0         0      9504    111440    0    0         0.00
parallel39       14:26:03      560.34      560.20        0.00        0.02        0.00        0.00        0.00      0.000      0.000         0         0      9504    111440    0    0         0.00
parallel39       14:26:03      560.34      560.25        0.00        0.01        0.00        0.00        0.00      0.000      0.000         0         0      9504    111440    0    0         0.00
parallel39       14:26:03      560.34      560.25        0.00        0.01        0.00        0.00        0.00      0.000      0.000         0         0      9504    111440    0    0         0.00
parallel39       14:26:03      560.34      560.19        0.00        0.00        0.00        0.00        0.00      0.000      0.000         0         0      9504    111440    0    0         0.00
parallel39       14:26:03      560.34      560.28        0.00        0.01        0.00        0.00        0.00      0.000      0.000         0         0      9504    111440    0    0         0.00
parallel39       14:26:03      560.34      560.26        0.00        0.02        0.00        0.00        0.00      0.000      0.000         0         0      9504    111440    0    0         0.00
parallel39       14:26:03      560.34      560.26        0.00        0.01        0.00        0.00        0.00      0.000      0.000         0         0      9504    111440    0    0         0.00
parallel39       14:26:03      560.34      560.20        0.00        0.00        0.00        0.00        0.00      0.000      0.000         0         0      9504    111440    0    0         0.00
parallel39       14:26:03      560.34      560.24        0.00        0.01        0.00        0.00        0.00      0.000      0.000         0         0      9504    111440    0    0         0.00
parallel39       14:26:03      560.34      560.24        0.00        0.01        0.00        0.00        0.00      0.000      0.000         0         0      9504    111440    0    0         0.00
parallel39       14:26:03      560.34      560.24        0.00        0.00        0.00        0.00        0.00      0.000      0.000         0         0      9504    111440    0    0         0.00
parallel39       14:26:03      560.34      560.19        0.00        0.02        0.00        0.00        0.00      0.000      0.000         0         0      9504    111440    0    0         0.00
parallel39       14:26:03      560.34      560.27        0.00        0.00        0.00        0.00        0.00      0.000      0.000         0         0      9504    111440    0    0         0.00
parallel39       14:26:03      560.34      560.20        0.01        0.01        0.00        0.00        0.00      0.000      0.000         0         0      9504    111440    0    0         0.00
parallel39       14:26:03      560.34      560.24        0.00        0.01        0.00        0.00        0.00      0.000      0.000         0         0      9504    111440    0    0         0.00
parallel39       14:26:03      560.34      560.28        0.00        0.01        0.00        0.00        0.00      0.000      0.000         0         0      9504    111440    0    0         0.00
parallel39       14:26:03      560.34      560.26        0.00        0.01        0.00        0.00        0.00      0.000      0.000         0         0      9504    111440    0    0         0.00
parallel39       14:26:03      560.34      560.28        0.00        0.01        0.00        0.00        0.00      0.000      0.000         0         0      9504    111440    0    0         0.00
parallel39       14:26:04      560.50        0.00        0.00        0.00        0.00        0.00        0.24      0.000      0.000         0         0      9504    111440    0    0         0.00
parallel39       14:26:04      560.50      560.27        0.05        0.02        0.00        0.00        0.00      0.624      0.000       656         2      9504    111440    0    0         0.00
rm               14:35:24        0.02        0.00        0.00        0.00        0.01        0.00        5.72      0.004      0.000         8         0      1504      4528    0    0         0.00
omplace          14:26:03      561.12        0.01        0.02        0.00        0.00        0.00        6.53      0.039      0.000        46         1      3456      7200    0    0         0.00
cp               14:35:24        0.01        0.00        0.01        0.00        0.00        0.00        3.65      0.074      0.068        12         2      1744      6576    0    0         0.00
cp               14:35:24        0.01        0.00        0.01        0.00        0.00        0.00        3.56      0.007      0.001        12         2      1680      6576    0    0         0.00
cpuset           14:35:24        0.01        0.00        0.00        0.00        0.00        0.00        0.01      0.003      0.000         9         1      1232      3488    0    0         0.00
cpuset           14:35:24        0.00        0.00        0.00        0.00        0.00        0.00        0.01      0.007      0.000        28         1      1472      3600    0    0         0.00
expr             14:35:24        0.00        0.00        0.00        0.00        0.00        0.00        0.01      0.004      0.000         8         1      1456      4560    0    0         0.00
omplace          14:35:24        0.00        0.00        0.00        0.00        0.00        0.00        0.02      0.000      0.000         0         1      2096      7200    0    0  F      0.00
sed              14:35:24        0.01        0.00        0.00        0.00        0.00        0.00        4.28      0.004      0.000        10         1      1760      4720    0    0         0.00
omplace          14:35:24        0.01        0.00        0.00        0.00        0.00        0.00        0.01      0.000      0.000         0         0      2000      7136    0    0  F      0.00
omplace          14:35:24        0.00        0.00        0.00        0.00        0.00        0.00        7.61      0.000      0.000         0         1      2128      7200    0    0  F      0.00
sed              14:35:24        0.00        0.00        0.00        0.00        0.00        0.00        0.01      0.004      0.000        10         1      1760      4720    0    0         0.00
omplace          14:35:24        0.00        0.00        0.00        0.00        0.00        0.00        0.01      0.000      0.000         0         0      2000      7136    0    0  F      0.00
omplace          14:35:24        0.00        0.00        0.00        0.00        0.00        0.00        0.02      0.000      0.000         0         1      2128      7200    0    0  F      0.00
cut              14:35:24        0.00        0.00        0.00        0.00        0.00        0.00        0.01      0.004      0.000        10         1      1584      4640    0    0         0.00
omplace          14:35:24        0.00        0.00        0.00        0.00        0.00        0.00        0.01      0.000      0.000         0         0      2000      7136    0    0  F      0.00
omplace          14:35:24        0.00        0.00        0.00        0.00        0.00        0.00        0.02      0.000      0.000         0         1      2128      7200    0    0  F      0.00
grep             14:35:24        0.01        0.00        0.00        0.00        0.00        0.00        0.00      0.004      0.000        10         0      1824      4736    1    0         0.00
omplace          14:35:24        0.00        0.00        0.00        0.00        0.00        0.00        7.80      0.000      0.000         0         1      2144      7216    0    0  F      0.00
cut              14:35:24        0.00        0.00        0.00        0.00        0.00        0.00        0.01      0.004      0.000        10         1      1584      4640    0    0         0.00
omplace          14:35:24        0.01        0.00        0.00        0.00        0.00        0.00        0.01      0.000      0.000         0         0      2016      7152    0    0  F      0.00
cut              14:35:24        0.00        0.00        0.00        0.00        0.00        0.00        0.00      0.004      0.000        10         1      1584      4640    0    0         0.00
omplace          14:35:24        0.00        0.00        0.00        0.00        0.00        0.00        0.01      0.000      0.000         0         0      2016      7152    0    0  F      0.00
seq              14:35:24        0.01        0.00        0.00        0.00        0.01        0.00        8.12      0.005      0.000         9         1      1728      5408    0    0         0.00
omplace          14:35:24        0.01        0.00        0.00        0.00        0.00        0.00        0.02      0.000      0.000         0         0      2176      7136    0    0  F      0.00
omplace          14:35:24        0.05        0.00        0.00        0.00        0.00        0.00        8.72      0.000      0.000        12         1      2480      7200    0    0  F      0.00
omplace          14:35:24        0.00        0.00        0.00        0.00        0.00        0.00        0.02      0.000      0.000         0         1      2112      7200    0    0  F      0.00
wc               14:35:24        0.01        0.00        0.00        0.00        0.00        0.00        8.72      0.004      0.000        10         1      1664      4560    0    0         0.00
omplace          14:35:24        0.01        0.00        0.00        0.00        0.00        0.00        0.01      0.000      0.000         0         0      1984      7136    0    0  F      0.00
expr             14:35:24        0.00        0.00        0.01        0.00        0.00        0.00        6.02      0.004      0.000         8         1      1456      4560    0    0         0.00
cat              14:35:24        0.01        0.00        0.01        0.00        0.00        0.00        9.19      0.004      0.000        10         2      1488      4496    0    0         0.00
expr             14:35:24        0.00        0.00        0.00        0.00        0.00        0.00        5.45      0.004      0.000         8         1      1456      4560    0    0         0.00
expr             14:35:24        0.00        0.00        0.00        0.00        0.00        0.00        0.01      0.004      0.000         8         1      1456      4560    0    0         0.00
expr             14:35:24        0.00        0.00        0.00        0.00        0.00        0.00        0.01      0.004      0.000         8         1      1456      4560    1    0         0.00
cat              14:35:24        0.07        0.00        0.00        0.00        0.00        0.00        8.78      0.004      0.000        12         2      1488      4496    0    0         0.00
expr             14:35:24        0.00        0.00        0.00        0.00        0.00        0.00        5.48      0.004      0.000         8         1      1456      4560    0    0         0.00
omplace          14:35:24        0.00        0.00        0.00        0.00        0.00        0.00        0.02      0.000      0.000         0         1      2384      7200    0    0  F      0.00
parallel39       14:35:24      287.30      287.21        0.00        0.01        0.00        0.00        0.00      0.000      0.000         0         0     11648    147280    0    0         0.00
parallel39       14:35:24      287.30      287.21        0.00        0.01        0.00        0.00        0.00      0.000      0.000         0         0     11648    147280    0    0         0.00
parallel39       14:35:24      287.30      287.21        0.00        0.00        0.00        0.00        0.00      0.000      0.000         0         0     11648    147280    0    0         0.00
parallel39       14:35:24      287.30      287.18        0.00        0.01        0.00        0.00        0.00      0.000      0.000         0         0     11648    147280    0    0         0.00
parallel39       14:35:24      287.30      287.21        0.00        0.01        0.00        0.00        0.00      0.000      0.000         0         0     11648    147280    0    0         0.00
parallel39       14:35:24      287.30      287.20        0.00        0.00        0.00        0.00        0.00      0.000      0.000         0         0     11648    147280    0    0         0.00
parallel39       14:35:24      287.30      287.21        0.00        0.00        0.00        0.00        0.00      0.000      0.000         0         0     11648    147280    0    0         0.00
parallel39       14:35:24      287.30      287.20        0.01        0.00        0.00        0.00        0.00      0.000      0.000         0         0     11648    147280    0    0         0.00
parallel39       14:35:24      287.30      287.21        0.00        0.00        0.00        0.00        0.00      0.000      0.000         0         0     11648    147280    0    0         0.00
parallel39       14:35:24      287.30      287.23        0.00        0.00        0.00        0.00        0.00      0.000      0.000         0         0     11648    147280    0    0         0.00
parallel39       14:35:24      287.30      287.22        0.00        0.01        0.00        0.00        0.00      0.000      0.000         0         0     11648    147280    0    0         0.00
parallel39       14:35:24      287.30      287.21        0.00        0.00        0.00        0.00        0.00      0.000      0.000         0         0     11648    147280    0    0         0.00
parallel39       14:35:24      287.30      287.22        0.00        0.00        0.00        0.00        0.00      0.000      0.000         0         0     11648    147280    0    0         0.00
parallel39       14:35:24      287.30      287.21        0.01        0.00        0.00        0.00        0.00      0.000      0.000         0         0     11648    147280    0    0         0.00
parallel39       14:35:24      287.30      287.23        0.00        0.01        0.00        0.00        0.00      0.000      0.000         0         0     11648    147280    0    0         0.00
parallel39       14:35:24      287.30      287.18        0.00        0.00        0.00        0.00        0.00      0.000      0.000         0         0     11648    147280    0    0         0.00
parallel39       14:35:24      287.30      287.22        0.00        0.00        0.00        0.00        0.00      0.000      0.000         0         0     11648    147280    0    0         0.00
parallel39       14:35:24      287.30      287.23        0.00        0.01        0.00        0.00        0.00      0.000      0.000         0         0     11648    147280    0    0         0.00
parallel39       14:35:24      287.30      287.21        0.00        0.00        0.00        0.00        0.00      0.000      0.000         0         0     11648    147280    0    0         0.00
parallel39       14:35:24      287.30      287.21        0.00        0.00        0.00        0.00        0.00      0.000      0.000         0         0     11648    147280    0    0         0.00
parallel39       14:35:24      287.30      287.21        0.00        0.00        0.00        0.00        0.00      0.000      0.000         0         0     11648    147280    0    0         0.00
parallel39       14:35:24      287.30      287.19        0.00        0.00        0.00        0.00        0.00      0.000      0.000         0         0     11648    147280    0    0         0.00
parallel39       14:35:24      287.30      287.18        0.00        0.00        0.00        0.00        0.00      0.000      0.000         0         0     11648    147280    0    0         0.00
parallel39       14:35:24      287.30      287.18        0.00        0.00        0.00        0.00        0.00      0.000      0.000         0         0     11648    147280    0    0         0.00
parallel39       14:35:24      287.30      287.18        0.01        0.00        0.00        0.00        0.01      0.000      0.000         0         0     11648    147280    0    0         0.00
parallel39       14:35:24      287.30      287.18        0.00        0.01        0.00        0.00        0.00      0.000      0.000         0         0     11648    147280    0    0         0.00
parallel39       14:35:24      287.30      287.18        0.00        0.00        0.00        0.00        0.00      0.000      0.000         0         0     11648    147280    0    0         0.00
parallel39       14:35:24      287.30      287.22        0.00        0.00        0.00        0.00        0.00      0.000      0.000         0         0     11648    147280    0    0         0.00
parallel39       14:35:24      287.30      287.22        0.00        0.00        0.00        0.00        0.00      0.000      0.000         0         0     11648    147280    0    0         0.00
parallel39       14:35:24      287.30      287.22        0.00        0.00        0.00        0.00        0.00      0.000      0.000         0         0     11648    147280    0    0         0.00
parallel39       14:35:24      287.30      287.22        0.00        0.00        0.00        0.00        0.00      0.000      0.000         0         0     11648    147280    0    0         0.00
parallel39       14:35:24      287.32        0.00        0.00        0.00        0.00        0.00        0.32      0.000      0.000         0         0     11648    147280    0    0         0.00
parallel39       14:35:24      287.32      287.23        0.06        0.01        0.00        0.00        0.01      0.624      0.000       656         2     11648    147280    0    0         0.00
rm               14:40:11        0.01        0.00        0.00        0.00        0.01        0.00        5.87      0.004      0.000         8         0      1504      4528    0    0         0.00
omplace          14:35:24      287.53        0.01        0.00        0.00        0.00        0.00        2.36      0.039      0.000        46         1      3456      7200    0    0         0.00


Job CSA Accounting - Summary Report
====================================

Job Accounting File Name         : /tmp/.jacct2c2dc
Operating System                 : Linux pople4700.psc.teragrid.or 2.6.16.60-0.42.5-default #1 SMP Mon Aug 24 09:41:41 UTC 2009 ia64
User Name (ID)                   : bparr (45460)
Group Name (ID)                  : ac3bdhp (13825)
Project Name (ID)                : ? (0)
Job ID                           : 0x2c2dc
Report Starts                    : 04/21/11 13:19:36
Report Ends                      : 04/21/11 14:40:11
Elapsed Time                     :         4835      Seconds
User CPU Time                    :        41645.0320 Seconds
System CPU Time                  :            1.0865 Seconds
CPU Time Core Memory Integral    :            3.0119 Mbyte-seconds
CPU Time Virtual Memory Integral :           27.0015 Mbyte-seconds
Maximum Core Memory Used         :           11.3750 Mbytes
Maximum Virtual Memory Used      :          143.8281 Mbytes
Characters Read                  :            4.9824 Mbytes
Characters Written               :            0.4216 Mbytes
Logical I/O Read Requests        :         5610
Logical I/O Write Requests       :          213
CPU Delay                        :            0.6920 Seconds
Block I/O Delay                  :            1.9016 Seconds
Swap In Delay                    :            0.0000 Seconds
Number of Commands               :          320
System Billing Units             :            0.0000
