Warning: no access to tty (Bad file descriptor).
Thus no job control in this shell.
module: Command not found.
module: Command not found.
ja
cd /bessemer/bparr
cp /usr/users/0/bparr/kenken/parallel parallel27
cp /usr/users/0/bparr/kenken/input/27minutes.txt p27minutes.txt
setenv OMP_NUM_THREADS 32
omplace -nt 32 ./parallel27 2 p27minutes.txt
OMP warning: KMP_AFFINITY: parameter invalid, ignoring 'disabled'
4 8 5 6 11 2 1 10 7 9 3
8 3 7 1 10 9 2 6 4 11 5
2 9 6 8 7 11 3 4 1 5 10
9 5 1 3 4 10 8 7 2 6 11
1 2 10 4 5 3 11 8 6 7 9
5 7 2 11 8 6 10 3 9 4 1
7 4 9 10 3 1 6 11 5 8 2
3 11 4 2 6 5 9 1 8 10 7
6 10 3 5 2 4 7 9 11 1 8
11 6 8 9 1 7 5 2 10 3 4
10 1 11 7 9 8 4 5 3 2 6
Nodes Visited: 345363227
Computation Time = 149538.242 millisecs
      Total Time = 149569.266 millisecs
omplace -nt 32 ./parallel27 4 p27minutes.txt
OMP warning: KMP_AFFINITY: parameter invalid, ignoring 'disabled'
4 8 5 6 11 2 1 10 7 9 3
8 3 7 1 10 9 2 6 4 11 5
2 9 6 8 7 11 3 4 1 5 10
9 5 1 3 4 10 8 7 2 6 11
1 2 10 4 5 3 11 8 6 7 9
5 7 2 11 8 6 10 3 9 4 1
7 4 9 10 3 1 6 11 5 8 2
3 11 4 2 6 5 9 1 8 10 7
6 10 3 5 2 4 7 9 11 1 8
11 6 8 9 1 7 5 2 10 3 4
10 1 11 7 9 8 4 5 3 2 6
Nodes Visited: 866699479
Computation Time = 186937.908 millisecs
      Total Time = 187027.967 millisecs
omplace -nt 32 ./parallel27 8 p27minutes.txt
OMP warning: KMP_AFFINITY: parameter invalid, ignoring 'disabled'
4 8 5 6 11 2 1 10 7 9 3
8 3 7 1 10 9 2 6 4 11 5
2 9 6 8 7 11 3 4 1 5 10
9 5 1 3 4 10 8 7 2 6 11
1 2 10 4 5 3 11 8 6 7 9
5 7 2 11 8 6 10 3 9 4 1
7 4 9 10 3 1 6 11 5 8 2
3 11 4 2 6 5 9 1 8 10 7
6 10 3 5 2 4 7 9 11 1 8
11 6 8 9 1 7 5 2 10 3 4
10 1 11 7 9 8 4 5 3 2 6
Nodes Visited: 589966358
Computation Time = 63368.243 millisecs
      Total Time = 63402.032 millisecs
omplace -nt 32 ./parallel27 16 p27minutes.txt
OMP warning: KMP_AFFINITY: parameter invalid, ignoring 'disabled'
4 8 5 6 11 2 1 10 7 9 3
8 3 7 1 10 9 2 6 4 11 5
2 9 6 8 7 11 3 4 1 5 10
9 5 1 3 4 10 8 7 2 6 11
1 2 10 4 5 3 11 8 6 7 9
5 7 2 11 8 6 10 3 9 4 1
7 4 9 10 3 1 6 11 5 8 2
3 11 4 2 6 5 9 1 8 10 7
6 10 3 5 2 4 7 9 11 1 8
11 6 8 9 1 7 5 2 10 3 4
10 1 11 7 9 8 4 5 3 2 6
Nodes Visited: 1900837416
Computation Time = 110196.229 millisecs
      Total Time = 110233.972 millisecs
omplace -nt 32 ./parallel27 24 p27minutes.txt
OMP warning: KMP_AFFINITY: parameter invalid, ignoring 'disabled'
4 8 5 6 11 2 1 10 7 9 3
8 3 7 1 10 9 2 6 4 11 5
2 9 6 8 7 11 3 4 1 5 10
9 5 1 3 4 10 8 7 2 6 11
1 2 10 4 5 3 11 8 6 7 9
5 7 2 11 8 6 10 3 9 4 1
7 4 9 10 3 1 6 11 5 8 2
3 11 4 2 6 5 9 1 8 10 7
6 10 3 5 2 4 7 9 11 1 8
11 6 8 9 1 7 5 2 10 3 4
10 1 11 7 9 8 4 5 3 2 6
Nodes Visited: 126376275
Computation Time = 4662.952 millisecs
      Total Time = 4902.399 millisecs
omplace -nt 32 ./parallel27 32 p27minutes.txt
OMP warning: KMP_AFFINITY: parameter invalid, ignoring 'disabled'
4 8 5 6 11 2 1 10 7 9 3
8 3 7 1 10 9 2 6 4 11 5
2 9 6 8 7 11 3 4 1 5 10
9 5 1 3 4 10 8 7 2 6 11
1 2 10 4 5 3 11 8 6 7 9
5 7 2 11 8 6 10 3 9 4 1
7 4 9 10 3 1 6 11 5 8 2
3 11 4 2 6 5 9 1 8 10 7
6 10 3 5 2 4 7 9 11 1 8
11 6 8 9 1 7 5 2 10 3 4
10 1 11 7 9 8 4 5 3 2 6
Nodes Visited: 580163581
Computation Time = 15899.138 millisecs
      Total Time = 15960.239 millisecs
ja -chlst


Job Accounting - Command Report
===============================

    Command       Started    Elapsed    User CPU    Sys CPU       CPU      Block I/O    Swap In      CPU MEM        Characters           Logical I/O      CoreMem   VirtMem   Ex
     Name           At       Seconds    Seconds     Seconds    Delay Secs  Delay Secs  Delay Secs  Avg Mbytes     Read     Written     Read      Write    HiValue   HiValue   St   Ni  Fl   SBU's 
===============  ========  ==========  ==========  ==========  ==========  ==========  ==========  ==========  =========  =========  ========  ========  ========  ========  ===  ===  ==  =======
# CFG   ON(    1) (    7)  04:31:43 04/21/2011  System:  Linux pople4700.psc.teragrid.or 2.6.16.60-0.42.5-default #1 SMP Mon Aug 24 09:41:41 UTC 2009 ia64
ja               04:31:43        0.03        0.00        0.01        0.00        0.02        0.00        6.69      0.018      0.000        18         4      2112      5872    0    0         0.00
cp               04:31:43        0.02        0.00        0.00        0.00        0.01        0.00        4.92      0.074      0.068        12         2      1744      6576    0    0         0.00
cp               04:31:43        0.02        0.00        0.00        0.00        0.01        0.00        8.06      0.007      0.001        12         2      1680      6576    0    0         0.00
cpuset           04:31:43        0.01        0.00        0.01        0.00        0.00        0.00        5.97      0.003      0.000         9         1      1232      3488    0    0         0.00
cpuset           04:31:43        0.00        0.00        0.00        0.00        0.00        0.00        0.01      0.007      0.000        28         1      1472      3600    0    0         0.00
expr             04:31:43        0.00        0.00        0.00        0.00        0.00        0.00        0.01      0.004      0.000         8         1      1456      4560    0    0         0.00
omplace          04:31:43        0.00        0.00        0.00        0.00        0.00        0.00        0.02      0.000      0.000         0         1      2096      7200    0    0  F      0.00
sed              04:31:43        0.00        0.00        0.00        0.00        0.00        0.00        0.01      0.004      0.000        10         1      1760      4720    0    0         0.00
omplace          04:31:43        0.01        0.00        0.00        0.00        0.00        0.00        0.01      0.000      0.000         0         0      2000      7136    0    0  F      0.00
omplace          04:31:43        0.00        0.00        0.00        0.00        0.00        0.00        0.02      0.000      0.000         0         1      2128      7200    0    0  F      0.00
sed              04:31:43        0.00        0.00        0.00        0.00        0.00        0.00        8.28      0.004      0.000        10         1      1760      4720    0    0         0.00
omplace          04:31:43        0.00        0.00        0.00        0.00        0.00        0.00        0.01      0.000      0.000         0         0      2000      7136    0    0  F      0.00
omplace          04:31:43        0.00        0.00        0.00        0.00        0.00        0.00        0.02      0.000      0.000         0         1      2128      7200    0    0  F      0.00
cut              04:31:43        0.00        0.00        0.00        0.00        0.00        0.00        4.36      0.004      0.000        10         1      1584      4640    0    0         0.00
omplace          04:31:43        0.00        0.00        0.00        0.00        0.00        0.00        0.01      0.000      0.000         0         0      2000      7136    0    0  F      0.00
omplace          04:31:43        0.00        0.00        0.00        0.00        0.00        0.00        0.02      0.000      0.000         0         1      2128      7200    0    0  F      0.00
grep             04:31:43        0.00        0.00        0.00        0.00        0.00        0.00        0.00      0.004      0.000        10         0      1824      4736    1    0         0.00
omplace          04:31:43        0.00        0.00        0.00        0.00        0.00        0.00        0.02      0.000      0.000         0         1      2144      7216    0    0  F      0.00
cut              04:31:43        0.00        0.00        0.00        0.00        0.00        0.00        0.01      0.004      0.000        10         1      1584      4640    0    0         0.00
omplace          04:31:43        0.00        0.00        0.00        0.00        0.00        0.00        0.01      0.000      0.000         0         0      2016      7152    0    0  F      0.00
omplace          04:31:43        0.00        0.00        0.00        0.00        0.00        0.00        0.02      0.000      0.000         0         1      2144      7216    0    0  F      0.00
cut              04:31:43        0.00        0.00        0.00        0.00        0.00        0.00        0.01      0.004      0.000        10         1      1584      4640    0    0         0.00
omplace          04:31:43        0.00        0.00        0.00        0.00        0.00        0.00        8.44      0.000      0.000         0         0      2016      7152    0    0  F      0.00
seq              04:31:43        0.00        0.00        0.00        0.00        0.00        0.00        0.01      0.005      0.000         9         1      1728      5408    0    0         0.00
omplace          04:31:43        0.01        0.00        0.00        0.00        0.00        0.00        8.56      0.000      0.000         0         0      2176      7136    0    0  F      0.00
omplace          04:31:43        0.03        0.00        0.00        0.00        0.00        0.00        8.62      0.000      0.000        12         1      2480      7200    0    0  F      0.00
omplace          04:31:43        0.00        0.00        0.00        0.00        0.00        0.00        0.02      0.000      0.000         0         1      2112      7200    0    0  F      0.00
wc               04:31:43        0.00        0.00        0.00        0.00        0.00        0.00        0.01      0.004      0.000        10         1      1664      4560    0    0         0.00
omplace          04:31:43        0.01        0.00        0.00        0.00        0.00        0.00        0.01      0.000      0.000         0         0      1984      7136    0    0  F      0.00
expr             04:31:43        0.00        0.00        0.00        0.00        0.00        0.00        0.01      0.004      0.000         8         1      1456      4560    0    0         0.00
cat              04:31:43        0.00        0.00        0.00        0.00        0.00        0.00        0.00      0.004      0.000        10         2      1488      4496    0    0         0.00
expr             04:31:43        0.00        0.00        0.00        0.00        0.00        0.00        0.94      0.004      0.000         8         1      1456      4560    0    0         0.00
expr             04:31:43        0.00        0.00        0.00        0.00        0.00        0.00        7.72      0.004      0.000         8         1      1456      4560    0    0         0.00
expr             04:31:43        0.00        0.00        0.00        0.00        0.00        0.00        4.32      0.004      0.000         8         1      1456      4560    1    0         0.00
cat              04:31:43        0.01        0.00        0.00        0.00        0.00        0.00        4.39      0.004      0.000        12         2      1488      4496    0    0         0.00
expr             04:31:43        0.00        0.00        0.00        0.00        0.00        0.00        4.42      0.004      0.000         8         1      1456      4560    0    0         0.00
omplace          04:31:43        0.00        0.00        0.00        0.00        0.00        0.00        0.02      0.000      0.000         0         1      2384      7200    0    0  F      0.00
parallel27       04:31:43      149.59      149.52        0.00        0.00        0.00        0.00        0.00      0.000      0.000         0         0      3664     13920    0    0         0.00
parallel27       04:31:43      149.78        0.00        0.00        0.00        0.00        0.00        0.03      0.000      0.000         0         0      3664     13920    0    0         0.00
parallel27       04:31:43      149.78      149.54        0.04        0.00        0.00        0.00        0.00      0.624      0.000       656         2      3664     13920    0    0         0.00
rm               04:34:12        0.00        0.00        0.00        0.00        0.00        0.00        0.00      0.004      0.000         8         0      1504      4528    0    0         0.00
omplace          04:31:44      149.91        0.01        0.03        0.00        0.00        0.00        7.91      0.039      0.000        46         1      3456      7200    0    0         0.00
cpuset           04:34:13        0.00        0.00        0.00        0.00        0.00        0.00        4.17      0.003      0.000         9         1      1232      3488    0    0         0.00
cpuset           04:34:13        0.00        0.00        0.00        0.00        0.00        0.00        0.01      0.007      0.000        28         1      1472      3600    0    0         0.00
expr             04:34:13        0.00        0.00        0.00        0.00        0.00        0.00        0.01      0.004      0.000         8         1      1456      4560    0    0         0.00
omplace          04:34:13        0.00        0.00        0.00        0.00        0.00        0.00        0.02      0.000      0.000         0         1      2096      7200    0    0  F      0.00
sed              04:34:13        0.00        0.00        0.00        0.00        0.00        0.00        0.01      0.004      0.000        10         1      1760      4720    0    0         0.00
omplace          04:34:13        0.00        0.00        0.00        0.00        0.00        0.00        0.01      0.000      0.000         0         0      2000      7136    0    0  F      0.00
omplace          04:34:13        0.00        0.00        0.00        0.00        0.00        0.00        0.02      0.000      0.000         0         1      2128      7200    0    0  F      0.00
sed              04:34:13        0.00        0.00        0.00        0.00        0.00        0.00        0.01      0.004      0.000        10         1      1760      4720    0    0         0.00
omplace          04:34:13        0.00        0.00        0.00        0.00        0.00        0.00        0.01      0.000      0.000         0         0      2000      7136    0    0  F      0.00
omplace          04:34:13        0.00        0.00        0.00        0.00        0.00        0.00        0.02      0.000      0.000         0         1      2128      7200    0    0  F      0.00
cut              04:34:13        0.00        0.00        0.00        0.00        0.00        0.00        0.01      0.004      0.000        10         1      1584      4640    0    0         0.00
omplace          04:34:13        0.00        0.00        0.00        0.00        0.00        0.00        0.01      0.000      0.000         0         0      2000      7136    0    0  F      0.00
omplace          04:34:13        0.00        0.00        0.00        0.00        0.00        0.00        0.02      0.000      0.000         0         1      2128      7200    0    0  F      0.00
grep             04:34:13        0.00        0.00        0.00        0.00        0.00        0.00        0.01      0.004      0.000        10         0      1824      4736    1    0         0.00
omplace          04:34:13        0.00        0.00        0.00        0.00        0.00        0.00        0.02      0.000      0.000         0         1      2144      7216    0    0  F      0.00
cut              04:34:13        0.00        0.00        0.00        0.00        0.00        0.00        0.01      0.004      0.000        10         1      1584      4640    0    0         0.00
omplace          04:34:13        0.00        0.00        0.00        0.00        0.00        0.00        0.01      0.000      0.000         0         0      2016      7152    0    0  F      0.00
omplace          04:34:13        0.00        0.00        0.00        0.00        0.00        0.00        8.37      0.000      0.000         0         1      2144      7216    0    0  F      0.00
cut              04:34:13        0.00        0.00        0.00        0.00        0.00        0.00        0.01      0.004      0.000        10         1      1584      4640    0    0         0.00
omplace          04:34:13        0.00        0.00        0.00        0.00        0.00        0.00        0.01      0.000      0.000         0         0      2016      7152    0    0  F      0.00
seq              04:34:13        0.00        0.00        0.00        0.00        0.00        0.00        0.01      0.005      0.000         9         1      1728      5408    0    0         0.00
omplace          04:34:13        0.00        0.00        0.00        0.00        0.00        0.00        0.02      0.000      0.000         0         0      2176      7136    0    0  F      0.00
omplace          04:34:13        0.03        0.00        0.00        0.00        0.00        0.00        8.66      0.000      0.000        12         1      2480      7200    0    0  F      0.00
omplace          04:34:13        0.00        0.00        0.00        0.00        0.00        0.00        0.02      0.000      0.000         0         1      2112      7200    0    0  F      0.00
wc               04:34:13        0.00        0.00        0.00        0.00        0.00        0.00        5.80      0.004      0.000        10         1      1664      4560    0    0         0.00
omplace          04:34:13        0.00        0.00        0.00        0.00        0.00        0.00        8.36      0.000      0.000         0         0      1984      7136    0    0  F      0.00
expr             04:34:13        0.00        0.00        0.00        0.00        0.00        0.00        0.00      0.004      0.000         8         1      1456      4560    0    0         0.00
cat              04:34:13        0.01        0.00        0.00        0.00        0.00        0.00        5.83      0.004      0.000        10         2      1488      4496    0    0         0.00
expr             04:34:13        0.00        0.00        0.00        0.00        0.00        0.00        0.00      0.004      0.000         8         1      1456      4560    0    0         0.00
expr             04:34:13        0.00        0.00        0.00        0.00        0.00        0.00        0.01      0.004      0.000         8         1      1456      4560    0    0         0.00
expr             04:34:13        0.00        0.00        0.00        0.00        0.00        0.00        0.01      0.004      0.000         8         1      1456      4560    1    0         0.00
cat              04:34:13        0.01        0.00        0.01        0.00        0.00        0.00        7.30      0.004      0.000        12         2      1488      4496    0    0         0.00
expr             04:34:13        0.00        0.00        0.00        0.00        0.00        0.00        0.94      0.004      0.000         8         1      1456      4560    0    0         0.00
omplace          04:34:13        0.00        0.00        0.00        0.00        0.00        0.00        0.02      0.000      0.000         0         1      2384      7200    0    0  F      0.00
parallel27       04:34:13      187.06      186.91        0.00        0.00        0.00        0.00        0.00      0.000      0.000         0         0      4176     25152    0    0         0.00
parallel27       04:34:13      187.06      186.91        0.00        0.00        0.00        0.00        0.00      0.000      0.000         0         0      4176     25152    0    0         0.00
parallel27       04:34:13      187.06      186.91        0.00        0.01        0.00        0.00        0.00      0.000      0.000         0         0      4176     25152    0    0         0.00
parallel27       04:34:13      187.19        0.00        0.00        0.00        0.00        0.00        0.06      0.000      0.000         0         0      4176     25152    0    0         0.00
parallel27       04:34:13      187.19      186.92        0.04        0.00        0.00        0.00        0.00      0.624      0.000       656         2      4176     25152    0    0         0.00
rm               04:37:20        0.00        0.00        0.00        0.00        0.00        0.00        5.87      0.004      0.000         8         0      1504      4528    0    0         0.00
omplace          04:34:13      187.36        0.01        0.02        0.00        0.00        0.00        7.63      0.039      0.000        46         1      3456      7200    0    0         0.00
cpuset           04:37:20        0.00        0.00        0.00        0.00        0.00        0.00        8.55      0.003      0.000         9         1      1232      3488    0    0         0.00
cpuset           04:37:20        0.00        0.00        0.00        0.00        0.00        0.00        0.01      0.007      0.000        28         1      1472      3600    0    0         0.00
expr             04:37:20        0.00        0.00        0.00        0.00        0.00        0.00        8.47      0.004      0.000         8         1      1456      4560    0    0         0.00
omplace          04:37:20        0.00        0.00        0.00        0.00        0.00        0.00        8.67      0.000      0.000         0         1      2096      7200    0    0  F      0.00
sed              04:37:20        0.00        0.00        0.00        0.00        0.00        0.00        0.01      0.004      0.000        10         1      1760      4720    0    0         0.00
omplace          04:37:20        0.00        0.00        0.00        0.00        0.00        0.00        8.36      0.000      0.000         0         0      2000      7136    0    0  F      0.00
omplace          04:37:20        0.00        0.00        0.00        0.00        0.00        0.00        0.02      0.000      0.000         0         1      2128      7200    0    0  F      0.00
sed              04:37:20        0.00        0.00        0.00        0.00        0.00        0.00        0.01      0.004      0.000        10         1      1760      4720    0    0         0.00
omplace          04:37:20        0.00        0.00        0.00        0.00        0.00        0.00        0.01      0.000      0.000         0         0      2000      7136    0    0  F      0.00
omplace          04:37:20        0.00        0.00        0.00        0.00        0.00        0.00        0.02      0.000      0.000         0         1      2128      7200    0    0  F      0.00
cut              04:37:20        0.00        0.00        0.00        0.00        0.00        0.00        0.01      0.004      0.000        10         1      1584      4640    0    0         0.00
omplace          04:37:20        0.00        0.00        0.00        0.00        0.00        0.00        8.41      0.000      0.000         0         0      2000      7136    0    0  F      0.00
omplace          04:37:20        0.00        0.00        0.00        0.00        0.00        0.00        0.00      0.000      0.000         0         1      2128      7200    0    0  F      0.00
grep             04:37:20        0.00        0.00        0.00        0.00        0.00        0.00        1.17      0.004      0.000        10         0      1824      4736    1    0         0.00
omplace          04:37:20        0.00        0.00        0.00        0.00        0.00        0.00        0.02      0.000      0.000         0         1      2144      7216    0    0  F      0.00
cut              04:37:20        0.00        0.00        0.00        0.00        0.00        0.00        0.01      0.004      0.000        10         1      1584      4640    0    0         0.00
omplace          04:37:20        0.00        0.00        0.00        0.00        0.00        0.00        0.01      0.000      0.000         0         0      2016      7152    0    0  F      0.00
omplace          04:37:20        0.00        0.00        0.00        0.00        0.00        0.00        0.02      0.000      0.000         0         1      2144      7216    0    0  F      0.00
cut              04:37:20        0.00        0.00        0.00        0.00        0.00        0.00        0.00      0.004      0.000        10         1      1584      4640    0    0         0.00
omplace          04:37:20        0.00        0.00        0.00        0.00        0.00        0.00        0.01      0.000      0.000         0         0      2016      7152    0    0  F      0.00
seq              04:37:20        0.00        0.00        0.00        0.00        0.00        0.00        4.42      0.005      0.000         9         1      1728      5408    0    0         0.00
omplace          04:37:20        0.00        0.00        0.00        0.00        0.00        0.00        0.02      0.000      0.000         0         0      2176      7136    0    0  F      0.00
omplace          04:37:20        0.03        0.00        0.00        0.00        0.00        0.00        4.32      0.000      0.000        12         1      2480      7200    0    0  F      0.00
omplace          04:37:20        0.00        0.00        0.00        0.00        0.00        0.00        0.02      0.000      0.000         0         1      2112      7200    0    0  F      0.00
wc               04:37:20        0.00        0.00        0.00        0.00        0.00        0.00        0.01      0.004      0.000        10         1      1664      4560    0    0         0.00
omplace          04:37:20        0.00        0.00        0.00        0.00        0.00        0.00        8.39      0.000      0.000         0         0      1984      7136    0    0  F      0.00
expr             04:37:20        0.00        0.00        0.00        0.00        0.00        0.00        0.00      0.004      0.000         8         1      1456      4560    0    0         0.00
cat              04:37:20        0.01        0.00        0.00        0.00        0.00        0.00        4.20      0.004      0.000        10         2      1488      4496    0    0         0.00
expr             04:37:20        0.00        0.00        0.00        0.00        0.00        0.00        0.01      0.004      0.000         8         1      1456      4560    0    0         0.00
expr             04:37:20        0.00        0.00        0.00        0.00        0.00        0.00        0.00      0.004      0.000         8         1      1456      4560    0    0         0.00
expr             04:37:20        0.00        0.00        0.00        0.00        0.00        0.00        0.00      0.004      0.000         8         1      1456      4560    1    0         0.00
cat              04:37:20        0.01        0.00        0.00        0.00        0.00        0.00        8.64      0.004      0.000        12         2      1488      4496    0    0         0.00
expr             04:37:20        0.00        0.00        0.00        0.00        0.00        0.00        8.88      0.004      0.000         8         1      1456      4560    0    0         0.00
omplace          04:37:20        0.00        0.00        0.00        0.00        0.00        0.00        0.02      0.000      0.000         0         1      2384      7200    0    0  F      0.00
parallel27       04:37:20       63.53       63.36        0.00        0.00        0.00        0.00        0.00      0.000      0.000         0         0      5120     43168    0    0         0.00
parallel27       04:37:20       63.53       63.36        0.00        0.00        0.00        0.00        0.00      0.000      0.000         0         0      5120     43168    0    0         0.00
parallel27       04:37:20       63.53       63.36        0.00        0.00        0.00        0.00        0.00      0.000      0.000         0         0      5120     43168    0    0         0.00
parallel27       04:37:20       63.53       63.36        0.00        0.00        0.00        0.00        0.00      0.000      0.000         0         0      5120     43168    0    0         0.00
parallel27       04:37:20       63.53       63.36        0.00        0.00        0.00        0.00        0.00      0.000      0.000         0         0      5120     43168    0    0         0.00
parallel27       04:37:20       63.53       63.36        0.00        0.00        0.00        0.00        0.00      0.000      0.000         0         0      5120     43168    0    0         0.00
parallel27       04:37:20       63.53       63.36        0.00        0.00        0.00        0.00        0.00      0.000      0.000         0         0      5120     43168    0    0         0.00
parallel27       04:37:21       63.58        0.00        0.00        0.00        0.00        0.00        0.10      0.000      0.000         0         0      5120     43168    0    0         0.00
parallel27       04:37:21       63.58       63.38        0.04        0.00        0.00        0.00        0.01      0.624      0.000       656         2      5120     43168    0    0         0.00
rm               04:38:24        0.00        0.00        0.00        0.00        0.00        0.00        0.01      0.004      0.000         8         0      1504      4528    0    0         0.00
omplace          04:37:21       63.68        0.02        0.02        0.00        0.00        0.00        5.04      0.039      0.000        46         1      3456      7200    0    0         0.00
cpuset           04:38:24        0.00        0.00        0.00        0.00        0.00        0.00        0.01      0.003      0.000         9         1      1232      3488    0    0         0.00
cpuset           04:38:24        0.00        0.00        0.00        0.00        0.00        0.00        0.00      0.007      0.000        28         1      1472      3600    0    0         0.00
expr             04:38:24        0.00        0.00        0.00        0.00        0.00        0.00        0.00      0.004      0.000         8         1      1456      4560    0    0         0.00
omplace          04:38:24        0.00        0.00        0.00        0.00        0.00        0.00        0.02      0.000      0.000         0         1      2096      7200    0    0  F      0.00
sed              04:38:24        0.00        0.00        0.00        0.00        0.00        0.00        8.30      0.004      0.000        10         1      1760      4720    0    0         0.00
omplace          04:38:24        0.00        0.00        0.00        0.00        0.00        0.00        0.01      0.000      0.000         0         0      2000      7136    0    0  F      0.00
omplace          04:38:24        0.00        0.00        0.00        0.00        0.00        0.00        0.02      0.000      0.000         0         1      2128      7200    0    0  F      0.00
sed              04:38:24        0.00        0.00        0.00        0.00        0.00        0.00        0.01      0.004      0.000        10         1      1760      4720    0    0         0.00
omplace          04:38:24        0.00        0.00        0.00        0.00        0.00        0.00        7.84      0.000      0.000         0         0      2000      7136    0    0  F      0.00
omplace          04:38:24        0.00        0.00        0.00        0.00        0.00        0.00        0.02      0.000      0.000         0         1      2128      7200    0    0  F      0.00
cut              04:38:24        0.00        0.00        0.00        0.00        0.00        0.00        0.01      0.004      0.000        10         1      1584      4640    0    0         0.00
omplace          04:38:24        0.00        0.00        0.00        0.00        0.00        0.00        0.01      0.000      0.000         0         0      2000      7136    0    0  F      0.00
omplace          04:38:24        0.00        0.00        0.00        0.00        0.00        0.00        0.02      0.000      0.000         0         1      2128      7200    0    0  F      0.00
grep             04:38:24        0.00        0.00        0.00        0.00        0.00        0.00        8.30      0.004      0.000        10         0      1824      4736    1    0         0.00
omplace          04:38:24        0.00        0.00        0.00        0.00        0.00        0.00        0.02      0.000      0.000         0         1      2144      7216    0    0  F      0.00
cut              04:38:24        0.00        0.00        0.00        0.00        0.00        0.00        0.00      0.004      0.000        10         1      1584      4640    0    0         0.00
omplace          04:38:24        0.00        0.00        0.00        0.00        0.00        0.00        0.01      0.000      0.000         0         0      2016      7152    0    0  F      0.00
omplace          04:38:24        0.00        0.00        0.00        0.00        0.00        0.00        0.02      0.000      0.000         0         1      2144      7216    0    0  F      0.00
cut              04:38:24        0.00        0.00        0.00        0.00        0.00        0.00        0.01      0.004      0.000        10         1      1584      4640    0    0         0.00
omplace          04:38:24        0.00        0.00        0.00        0.00        0.00        0.00        0.01      0.000      0.000         0         0      2016      7152    0    0  F      0.00
seq              04:38:24        0.00        0.00        0.00        0.00        0.00        0.00        0.94      0.005      0.000         9         1      1728      5408    0    0         0.00
omplace          04:38:24        0.00        0.00        0.00        0.00        0.00        0.00        7.77      0.000      0.000         0         0      2176      7136    0    0  F      0.00
omplace          04:38:24        0.03        0.00        0.00        0.00        0.00        0.00        0.02      0.000      0.000        12         1      2480      7200    0    0  F      0.00
omplace          04:38:24        0.00        0.00        0.00        0.00        0.00        0.00        0.02      0.000      0.000         0         1      2112      7200    0    0  F      0.00
wc               04:38:24        0.00        0.00        0.01        0.00        0.00        0.00        4.35      0.004      0.000        10         1      1664      4560    0    0         0.00
omplace          04:38:24        0.00        0.00        0.00        0.00        0.00        0.00        0.01      0.000      0.000         0         0      1984      7136    0    0  F      0.00
expr             04:38:24        0.00        0.00        0.00        0.00        0.00        0.00        0.00      0.004      0.000         8         1      1456      4560    0    0         0.00
cat              04:38:24        0.01        0.00        0.00        0.00        0.00        0.00        9.14      0.004      0.000        10         2      1488      4496    0    0         0.00
expr             04:38:24        0.00        0.00        0.00        0.00        0.00        0.00        0.01      0.004      0.000         8         1      1456      4560    0    0         0.00
expr             04:38:24        0.00        0.00        0.00        0.00        0.00        0.00        4.45      0.004      0.000         8         1      1456      4560    0    0         0.00
expr             04:38:24        0.00        0.00        0.00        0.00        0.00        0.00        5.39      0.004      0.000         8         1      1456      4560    1    0         0.00
cat              04:38:24        0.02        0.00        0.00        0.00        0.00        0.00        0.01      0.004      0.000        12         2      1488      4496    0    0         0.00
expr             04:38:24        0.00        0.00        0.00        0.00        0.00        0.00        0.01      0.004      0.000         8         1      1456      4560    0    0         0.00
omplace          04:38:24        0.00        0.00        0.00        0.00        0.00        0.00        0.02      0.000      0.000         0         1      2384      7200    0    0  F      0.00
parallel27       04:38:24      110.26      106.06        0.08        0.01        4.05        0.00        0.06      0.000      0.000         0         0      6992     76784    0    0         0.00
parallel27       04:38:24      110.26      106.06        0.14        0.04        4.01        0.00        0.10      0.000      0.000         0         0      6992     76784    0    0         0.00
parallel27       04:38:24      110.26      106.06        0.10        0.01        4.05        0.00        0.08      0.000      0.000         0         0      6992     76784    0    0         0.00
parallel27       04:38:24      110.26      106.06        0.16        0.04        3.97        0.00        0.12      0.000      0.000         0         0      6992     76784    0    0         0.00
parallel27       04:38:24      110.26      106.08        0.18        0.00        3.97        0.00        0.14      0.000      0.000         0         0      6992     76784    0    0         0.00
parallel27       04:38:24      110.26      106.06        0.04        0.04        4.05        0.00        0.03      0.000      0.000         0         0      6992     76784    0    0         0.00
parallel27       04:38:24      110.26      106.06        0.17        0.00        3.97        0.00        0.13      0.000      0.000         0         0      6992     76784    0    0         0.00
parallel27       04:38:24      110.26      106.06        0.16        0.05        3.97        0.00        0.12      0.000      0.000         0         0      6992     76784    0    0         0.00
parallel27       04:38:24      110.26      106.06        0.14        0.00        3.97        0.00        0.10      0.000      0.000         0         0      6992     76784    0    0         0.00
parallel27       04:38:24      110.26      106.06        0.18        0.00        3.97        0.00        0.13      0.000      0.000         0         0      6992     76784    0    0         0.00
parallel27       04:38:24      110.26      106.06        0.10        0.05        4.01        0.00        0.07      0.000      0.000         0         0      6992     76784    0    0         0.00
parallel27       04:38:24      110.26      106.06        0.14        0.05        3.96        0.00        0.11      0.000      0.000         0         0      6992     76784    0    0         0.00
parallel27       04:38:24      110.26      106.06        0.12        0.07        4.01        0.00        0.09      0.000      0.000         0         0      6992     76784    0    0         0.00
parallel27       04:38:24      110.26      106.06        0.09        0.00        4.01        0.00        0.07      0.000      0.000         0         0      6992     76784    0    0         0.00
parallel27       04:38:24      110.26      106.07        0.18        0.01        3.97        0.00        0.14      0.000      0.000         0         0      6992     76784    0    0         0.00
parallel27       04:38:24      110.42        0.00        0.00        0.00        0.00        0.00        0.16      0.000      0.000         0         0      6992     76784    0    0         0.00
parallel27       04:38:24      110.42      106.08        0.12        0.00        4.05        0.00        0.07      0.624      0.000       656         2      6992     76784    0    0         0.00
rm               04:40:14        0.00        0.00        0.00        0.00        0.00        0.00        0.72      0.004      0.000         8         0      1504      4528    0    0         0.00
omplace          04:38:24      110.61        0.02        0.01        0.00        0.00        0.00        2.49      0.039      0.000        46         1      3456      7200    0    0         0.00
cpuset           04:40:14        0.01        0.00        0.00        0.00        0.00        0.00        4.17      0.003      0.000         9         1      1232      3488    0    0         0.00
cpuset           04:40:14        0.00        0.00        0.00        0.00        0.00        0.00        4.26      0.007      0.000        28         1      1472      3600    0    0         0.00
expr             04:40:14        0.01        0.00        0.00        0.00        0.01        0.00        8.95      0.004      0.000         8         1      1456      4560    0    0         0.00
omplace          04:40:14        0.00        0.00        0.00        0.00        0.00        0.00        0.02      0.000      0.000         0         1      2096      7200    0    0  F      0.00
sed              04:40:14        0.00        0.00        0.00        0.00        0.00        0.00        0.01      0.004      0.000        10         1      1760      4720    0    0         0.00
omplace          04:40:14        0.00        0.00        0.00        0.00        0.00        0.00        0.01      0.000      0.000         0         0      2000      7136    0    0  F      0.00
omplace          04:40:14        0.00        0.00        0.00        0.00        0.00        0.00        0.02      0.000      0.000         0         1      2128      7200    0    0  F      0.00
sed              04:40:14        0.00        0.00        0.00        0.00        0.00        0.00        0.01      0.004      0.000        10         1      1760      4720    0    0         0.00
omplace          04:40:14        0.00        0.00        0.00        0.00        0.00        0.00        0.01      0.000      0.000         0         0      2000      7136    0    0  F      0.00
omplace          04:40:14        0.00        0.00        0.00        0.00        0.00        0.00        0.02      0.000      0.000         0         1      2128      7200    0    0  F      0.00
cut              04:40:14        0.01        0.00        0.01        0.00        0.01        0.00        4.60      0.004      0.000        10         1      1584      4640    0    0         0.00
omplace          04:40:14        0.01        0.00        0.00        0.00        0.00        0.00        0.01      0.000      0.000         0         0      2000      7136    0    0  F      0.00
omplace          04:40:14        0.00        0.00        0.00        0.00        0.00        0.00        0.02      0.000      0.000         0         1      2128      7200    0    0  F      0.00
grep             04:40:14        0.00        0.00        0.01        0.00        0.00        0.00        7.35      0.004      0.000        10         0      1824      4736    1    0         0.00
omplace          04:40:14        0.00        0.00        0.00        0.00        0.00        0.00        7.87      0.000      0.000         0         1      2144      7216    0    0  F      0.00
cut              04:40:14        0.00        0.00        0.00        0.00        0.00        0.00        0.01      0.004      0.000        10         1      1584      4640    0    0         0.00
omplace          04:40:14        0.00        0.00        0.00        0.00        0.00        0.00        8.44      0.000      0.000         0         0      2016      7152    0    0  F      0.00
omplace          04:40:14        0.00        0.00        0.00        0.00        0.00        0.00        9.14      0.000      0.000         0         1      2144      7216    0    0  F      0.00
cut              04:40:14        0.00        0.00        0.00        0.00        0.00        0.00        8.77      0.004      0.000        10         1      1584      4640    0    0         0.00
omplace          04:40:14        0.01        0.00        0.00        0.00        0.00        0.00        0.01      0.000      0.000         0         0      2016      7152    0    0  F      0.00
seq              04:40:14        0.01        0.00        0.00        0.00        0.00        0.00        0.00      0.005      0.000         9         1      1728      5408    0    0         0.00
omplace          04:40:14        0.01        0.00        0.00        0.00        0.00        0.00        0.02      0.000      0.000         0         0      2176      7136    0    0  F      0.00
omplace          04:40:14        0.04        0.00        0.00        0.00        0.00        0.00        0.02      0.000      0.000        12         1      2480      7200    0    0  F      0.00
omplace          04:40:14        0.00        0.00        0.00        0.00        0.00        0.00        0.02      0.000      0.000         0         1      2112      7200    0    0  F      0.00
wc               04:40:14        0.00        0.00        0.00        0.00        0.00        0.00        0.00      0.004      0.000        10         1      1664      4560    0    0         0.00
omplace          04:40:14        0.01        0.00        0.00        0.00        0.00        0.00        0.01      0.000      0.000         0         0      1984      7136    0    0  F      0.00
expr             04:40:14        0.00        0.00        0.00        0.00        0.00        0.00        0.01      0.004      0.000         8         1      1456      4560    0    0         0.00
cat              04:40:14        0.02        0.00        0.01        0.00        0.00        0.00        4.20      0.004      0.000        10         2      1488      4496    0    0         0.00
expr             04:40:14        0.00        0.00        0.00        0.00        0.00        0.00        0.00      0.004      0.000         8         1      1456      4560    0    0         0.00
expr             04:40:14        0.00        0.00        0.00        0.00        0.00        0.00        0.01      0.004      0.000         8         1      1456      4560    0    0         0.00
expr             04:40:14        0.00        0.00        0.00        0.00        0.00        0.00        0.01      0.004      0.000         8         1      1456      4560    1    0         0.00
cat              04:40:14        0.01        0.00        0.00        0.00        0.00        0.00        4.39      0.004      0.000        12         2      1488      4496    0    0         0.00
expr             04:40:14        0.00        0.00        0.00        0.00        0.00        0.00        3.56      0.004      0.000         8         1      1456      4560    0    0         0.00
omplace          04:40:14        0.00        0.00        0.00        0.00        0.00        0.00        0.02      0.000      0.000         0         1      2384      7200    0    0  F      0.00
parallel27       04:40:14        5.11        4.66        0.00        0.00        0.00        0.00        0.10      0.000      0.000         0         0      8816    109984    0    0         0.00
parallel27       04:40:14        5.11        4.66        0.00        0.00        0.00        0.00        0.00      0.000      0.000         0         0      8816    109984    0    0         0.00
parallel27       04:40:14        5.11        4.66        0.00        0.00        0.00        0.00        0.10      0.000      0.000         0         0      8816    109984    0    0         0.00
parallel27       04:40:14        5.11        4.66        0.00        0.00        0.00        0.00        0.10      0.000      0.000         0         0      8816    109984    0    0         0.00
parallel27       04:40:14        5.11        4.66        0.00        0.00        0.00        0.00        0.10      0.000      0.000         0         0      8816    109984    0    0         0.00
parallel27       04:40:14        5.11        4.66        0.00        0.00        0.00        0.00        0.00      0.000      0.000         0         0      8816    109984    0    0         0.00
parallel27       04:40:14        5.11        4.66        0.00        0.00        0.00        0.00        0.00      0.000      0.000         0         0      8816    109984    0    0         0.00
parallel27       04:40:14        5.11        4.66        0.00        0.00        0.00        0.00        0.10      0.000      0.000         0         0      8816    109984    0    0         0.00
parallel27       04:40:14        5.11        4.66        0.00        0.00        0.00        0.00        0.10      0.000      0.000         0         0      8816    109984    0    0         0.00
parallel27       04:40:14        5.11        4.66        0.00        0.00        0.00        0.00        0.00      0.000      0.000         0         0      8816    109984    0    0         0.00
parallel27       04:40:14        5.11        4.66        0.00        0.00        0.00        0.00        0.00      0.000      0.000         0         0      8816    109984    0    0         0.00
parallel27       04:40:14        5.11        4.66        0.00        0.00        0.00        0.00        0.00      0.000      0.000         0         0      8816    109984    0    0         0.00
parallel27       04:40:14        5.11        4.66        0.00        0.00        0.00        0.00        0.10      0.000      0.000         0         0      8816    109984    0    0         0.00
parallel27       04:40:14        5.11        4.66        0.00        0.00        0.00        0.00        0.10      0.000      0.000         0         0      8816    109984    0    0         0.00
parallel27       04:40:14        5.11        4.66        0.00        0.00        0.00        0.00        0.10      0.000      0.000         0         0      8816    109984    0    0         0.00
parallel27       04:40:14        5.11        4.66        0.00        0.00        0.00        0.00        0.00      0.000      0.000         0         0      8816    109984    0    0         0.00
parallel27       04:40:14        5.11        4.66        0.00        0.00        0.00        0.00        0.10      0.000      0.000         0         0      8816    109984    0    0         0.00
parallel27       04:40:14        5.11        4.66        0.00        0.00        0.00        0.00        0.00      0.000      0.000         0         0      8816    109984    0    0         0.00
parallel27       04:40:14        5.11        4.66        0.00        0.00        0.00        0.00        0.10      0.000      0.000         0         0      8816    109984    0    0         0.00
parallel27       04:40:14        5.11        4.66        0.00        0.00        0.00        0.00        0.00      0.000      0.000         0         0      8816    109984    0    0         0.00
parallel27       04:40:14        5.11        4.66        0.01        0.00        0.00        0.00        0.20      0.000      0.000         0         0      8816    109984    0    0         0.00
parallel27       04:40:14        5.11        4.66        0.00        0.00        0.00        0.00        0.00      0.000      0.000         0         0      8816    109984    0    0         0.00
parallel27       04:40:14        5.11        4.66        0.00        0.00        0.00        0.00        0.10      0.000      0.000         0         0      8816    109984    0    0         0.00
parallel27       04:40:15        5.30        0.00        0.00        0.00        0.00        0.00        0.03      0.000      0.000         0         0      8816    109984    0    0         0.00
parallel27       04:40:15        5.30        4.68        0.05        0.00        0.35        0.00        0.15      0.624      0.000       656         2      8816    109984    0    0         0.00
rm               04:40:20        0.00        0.00        0.00        0.00        0.00        0.00        0.72      0.004      0.000         8         0      1504      4528    0    0         0.00
omplace          04:40:15        5.45        0.01        0.02        0.01        0.00        0.00        6.73      0.039      0.000        46         1      3456      7200    0    0         0.00
cpuset           04:40:20        0.00        0.00        0.00        0.00        0.00        0.00        0.00      0.003      0.000         9         1      1232      3488    0    0         0.00
cpuset           04:40:20        0.00        0.00        0.00        0.00        0.00        0.00        0.00      0.007      0.000        28         1      1472      3600    0    0         0.00
expr             04:40:20        0.00        0.00        0.00        0.00        0.00        0.00        3.52      0.004      0.000         8         1      1456      4560    0    0         0.00
omplace          04:40:20        0.00        0.00        0.00        0.00        0.00        0.00        0.02      0.000      0.000         0         1      2096      7200    0    0  F      0.00
sed              04:40:20        0.00        0.00        0.00        0.00        0.00        0.00        0.00      0.004      0.000        10         1      1760      4720    0    0         0.00
omplace          04:40:20        0.00        0.00        0.00        0.00        0.00        0.00        0.01      0.000      0.000         0         0      2000      7136    0    0  F      0.00
omplace          04:40:20        0.00        0.00        0.00        0.00        0.00        0.00        0.02      0.000      0.000         0         1      2128      7200    0    0  F      0.00
sed              04:40:20        0.00        0.00        0.00        0.00        0.00        0.00        8.73      0.004      0.000        10         1      1760      4720    0    0         0.00
omplace          04:40:20        0.00        0.00        0.00        0.00        0.00        0.00        0.01      0.000      0.000         0         0      2000      7136    0    0  F      0.00
omplace          04:40:20        0.00        0.00        0.00        0.00        0.00        0.00        0.02      0.000      0.000         0         1      2128      7200    0    0  F      0.00
cut              04:40:20        0.00        0.00        0.00        0.00        0.00        0.00        4.14      0.004      0.000        10         1      1584      4640    0    0         0.00
omplace          04:40:20        0.00        0.00        0.00        0.00        0.00        0.00        0.01      0.000      0.000         0         0      2000      7136    0    0  F      0.00
omplace          04:40:20        0.00        0.00        0.00        0.00        0.00        0.00        0.02      0.000      0.000         0         1      2128      7200    0    0  F      0.00
grep             04:40:20        0.00        0.00        0.00        0.00        0.00        0.00        0.00      0.004      0.000        10         0      1824      4736    1    0         0.00
omplace          04:40:20        0.00        0.00        0.00        0.00        0.00        0.00        0.02      0.000      0.000         0         1      2144      7216    0    0  F      0.00
cut              04:40:20        0.00        0.00        0.00        0.00        0.00        0.00        0.01      0.004      0.000        10         1      1584      4640    0    0         0.00
omplace          04:40:20        0.00        0.00        0.00        0.00        0.00        0.00        0.01      0.000      0.000         0         0      2016      7152    0    0  F      0.00
omplace          04:40:20        0.00        0.00        0.00        0.00        0.00        0.00        0.02      0.000      0.000         0         1      2144      7216    0    0  F      0.00
cut              04:40:20        0.00        0.00        0.00        0.00        0.00        0.00        0.01      0.004      0.000        10         1      1584      4640    0    0         0.00
omplace          04:40:20        0.00        0.00        0.00        0.00        0.00        0.00        8.44      0.000      0.000         0         0      2016      7152    0    0  F      0.00
seq              04:40:20        0.00        0.00        0.00        0.00        0.00        0.00        0.01      0.005      0.000         9         1      1728      5408    0    0         0.00
omplace          04:40:20        0.00        0.00        0.00        0.00        0.00        0.00        8.91      0.000      0.000         0         0      2176      7136    0    0  F      0.00
omplace          04:40:20        0.03        0.00        0.00        0.00        0.00        0.00        0.02      0.000      0.000        12         1      2480      7200    0    0  F      0.00
omplace          04:40:20        0.00        0.00        0.00        0.00        0.00        0.00        0.02      0.000      0.000         0         1      2112      7200    0    0  F      0.00
wc               04:40:20        0.00        0.00        0.00        0.00        0.00        0.00        0.01      0.004      0.000        10         1      1664      4560    0    0         0.00
omplace          04:40:20        0.00        0.00        0.00        0.00        0.00        0.00        8.36      0.000      0.000         0         0      1984      7136    0    0  F      0.00
expr             04:40:20        0.00        0.00        0.00        0.00        0.00        0.00        0.00      0.004      0.000         8         1      1456      4560    0    0         0.00
cat              04:40:20        0.01        0.00        0.00        0.00        0.00        0.00        0.01      0.004      0.000        10         2      1488      4496    0    0         0.00
expr             04:40:20        0.00        0.00        0.00        0.00        0.00        0.00        0.01      0.004      0.000         8         1      1456      4560    0    0         0.00
expr             04:40:20        0.00        0.00        0.00        0.00        0.00        0.00        3.80      0.004      0.000         8         1      1456      4560    0    0         0.00
expr             04:40:20        0.00        0.00        0.00        0.00        0.00        0.00        0.01      0.004      0.000         8         1      1456      4560    1    0         0.00
cat              04:40:20        0.01        0.00        0.00        0.00        0.00        0.00        0.01      0.004      0.000        12         2      1488      4496    0    0         0.00
expr             04:40:20        0.00        0.00        0.00        0.00        0.00        0.00        0.01      0.004      0.000         8         1      1456      4560    0    0         0.00
omplace          04:40:20        0.00        0.00        0.00        0.00        0.00        0.00        0.02      0.000      0.000         0         1      2384      7200    0    0  F      0.00
parallel27       04:40:20       16.04       15.90        0.00        0.00        0.00        0.00        0.00      0.000      0.000         0         0     10672    144640    0    0         0.00
parallel27       04:40:20       16.04       15.90        0.00        0.00        0.00        0.00        0.00      0.000      0.000         0         0     10672    144640    0    0         0.00
parallel27       04:40:20       16.04       15.90        0.00        0.00        0.00        0.00        0.00      0.000      0.000         0         0     10672    144640    0    0         0.00
parallel27       04:40:20       16.04       15.90        0.00        0.00        0.00        0.00        0.04      0.000      0.000         0         0     10672    144640    0    0         0.00
parallel27       04:40:20       16.04       15.90        0.00        0.00        0.00        0.00        0.00      0.000      0.000         0         0     10672    144640    0    0         0.00
parallel27       04:40:20       16.04       15.90        0.00        0.00        0.00        0.00        0.00      0.000      0.000         0         0     10672    144640    0    0         0.00
parallel27       04:40:20       16.04       15.90        0.00        0.00        0.00        0.00        0.00      0.000      0.000         0         0     10672    144640    0    0         0.00
parallel27       04:40:20       16.04       15.90        0.00        0.00        0.00        0.00        0.04      0.000      0.000         0         0     10672    144640    0    0         0.00
parallel27       04:40:20       16.04       15.90        0.00        0.00        0.00        0.00        0.02      0.000      0.000         0         0     10672    144640    0    0         0.00
parallel27       04:40:20       16.04       15.90        0.00        0.00        0.00        0.00        0.00      0.000      0.000         0         0     10672    144640    0    0         0.00
parallel27       04:40:20       16.04       15.90        0.00        0.00        0.00        0.00        0.00      0.000      0.000         0         0     10672    144640    0    0         0.00
parallel27       04:40:20       16.04       15.90        0.00        0.00        0.00        0.00        0.01      0.000      0.000         0         0     10672    144640    0    0         0.00
parallel27       04:40:20       16.04       15.89        0.00        0.00        0.00        0.00        0.00      0.000      0.000         0         0     10672    144640    0    0         0.00
parallel27       04:40:20       16.04       15.90        0.00        0.00        0.00        0.00        0.00      0.000      0.000         0         0     10672    144640    0    0         0.00
parallel27       04:40:20       16.04       15.90        0.00        0.00        0.00        0.00        0.00      0.000      0.000         0         0     10672    144640    0    0         0.00
parallel27       04:40:20       16.04       15.90        0.00        0.00        0.00        0.00        0.00      0.000      0.000         0         0     10672    144640    0    0         0.00
parallel27       04:40:20       16.04       15.90        0.00        0.00        0.00        0.00        0.00      0.000      0.000         0         0     10672    144640    0    0         0.00
parallel27       04:40:20       16.04       15.90        0.01        0.00        0.00        0.00        0.08      0.000      0.000         0         0     10672    144640    0    0         0.00
parallel27       04:40:20       16.04       15.90        0.00        0.00        0.00        0.00        0.00      0.000      0.000         0         0     10672    144640    0    0         0.00
parallel27       04:40:20       16.04       15.90        0.00        0.00        0.00        0.00        0.00      0.000      0.000         0         0     10672    144640    0    0         0.00
parallel27       04:40:20       16.04       15.90        0.00        0.00        0.00        0.00        0.04      0.000      0.000         0         0     10672    144640    0    0         0.00
parallel27       04:40:20       16.04       15.90        0.00        0.00        0.00        0.00        0.04      0.000      0.000         0         0     10672    144640    0    0         0.00
parallel27       04:40:20       16.04       15.90        0.00        0.00        0.00        0.00        0.00      0.000      0.000         0         0     10672    144640    0    0         0.00
parallel27       04:40:20       16.04       15.90        0.00        0.00        0.00        0.00        0.00      0.000      0.000         0         0     10672    144640    0    0         0.00
parallel27       04:40:20       16.04       15.90        0.00        0.00        0.00        0.00        0.04      0.000      0.000         0         0     10672    144640    0    0         0.00
parallel27       04:40:20       16.04       15.90        0.00        0.00        0.00        0.00        0.00      0.000      0.000         0         0     10672    144640    0    0         0.00
parallel27       04:40:20       16.04       15.90        0.00        0.00        0.00        0.00        0.00      0.000      0.000         0         0     10672    144640    0    0         0.00
parallel27       04:40:20       16.04       15.90        0.00        0.00        0.00        0.00        0.04      0.000      0.000         0         0     10672    144640    0    0         0.00
parallel27       04:40:20       16.04       15.90        0.00        0.00        0.00        0.00        0.04      0.000      0.000         0         0     10672    144640    0    0         0.00
parallel27       04:40:20       16.04       15.90        0.00        0.00        0.00        0.00        0.00      0.000      0.000         0         0     10672    144640    0    0         0.00
parallel27       04:40:20       16.04       15.90        0.00        0.00        0.00        0.00        0.00      0.000      0.000         0         0     10672    144640    0    0         0.00
parallel27       04:40:20       16.21        0.00        0.00        0.00        0.00        0.00        0.31      0.000      0.000         0         0     10672    144640    0    0         0.00
parallel27       04:40:20       16.21       15.91        0.06        0.01        0.00        0.00        0.15      0.624      0.000       656         2     10672    144640    0    0         0.00
rm               04:40:36        0.00        0.00        0.00        0.00        0.00        0.00        5.87      0.004      0.000         8         0      1504      4528    0    0         0.00
omplace          04:40:20       16.39        0.01        0.02        0.00        0.00        0.00        5.88      0.039      0.000        46         1      3456      7200    0    0         0.00


Job CSA Accounting - Summary Report
====================================

Job Accounting File Name         : /tmp/.jacct2c28f
Operating System                 : Linux pople4700.psc.teragrid.or 2.6.16.60-0.42.5-default #1 SMP Mon Aug 24 09:41:41 UTC 2009 ia64
User Name (ID)                   : bparr (45460)
Group Name (ID)                  : ac3bdhp (13825)
Project Name (ID)                : ? (0)
Job ID                           : 0x2c28f
Report Starts                    : 04/21/11 04:31:43
Report Ends                      : 04/21/11 04:40:36
Elapsed Time                     :          533      Seconds
User CPU Time                    :         3871.4040 Seconds
System CPU Time                  :            2.9074 Seconds
CPU Time Core Memory Integral    :           15.3842 Mbyte-seconds
CPU Time Virtual Memory Integral :          171.5005 Mbyte-seconds
Maximum Core Memory Used         :           10.4219 Mbytes
Maximum Virtual Memory Used      :          141.2500 Mbytes
Characters Read                  :            4.5772 Mbytes
Characters Written               :            0.0750 Mbytes
Logical I/O Read Requests        :         5490
Logical I/O Write Requests       :          194
CPU Delay                        :            0.4840 Seconds
Block I/O Delay                  :           64.3782 Seconds
Swap In Delay                    :            0.0000 Seconds
Number of Commands               :          311
System Billing Units             :            0.0000
