Warning: no access to tty (Bad file descriptor).
Thus no job control in this shell.
module: Command not found.
module: Command not found.
ja
cd /bessemer/bparr
cp /usr/users/0/bparr/kenken/parallel parallel35
cp /usr/users/0/bparr/kenken/input/35minutes.txt p35minutes.txt
setenv OMP_NUM_THREADS 32
omplace -nt 32 ./parallel35 32 p35minutes.txt
OMP warning: KMP_AFFINITY: parameter invalid, ignoring 'disabled'
12 5 10 1 4 3 2 11 6 9 7 8
5 7 3 12 9 4 8 2 11 10 1 6
7 1 4 5 10 9 6 8 2 3 12 11
2 8 1 11 5 12 3 10 9 7 6 4
8 6 12 2 7 5 4 3 10 1 11 9
9 10 8 4 11 6 7 5 12 2 3 1
11 2 7 6 12 1 10 9 4 5 8 3
4 9 2 3 6 8 5 12 1 11 10 7
3 4 11 10 8 2 12 1 7 6 9 5
1 12 9 7 3 10 11 6 8 4 5 2
6 11 5 8 1 7 9 4 3 12 2 10
10 3 6 9 2 11 1 7 5 8 4 12
Nodes Visited: 1459990162
Computation Time = 42244.093 millisecs
      Total Time = 42289.743 millisecs
ja -chlst


Job Accounting - Command Report
===============================

    Command       Started    Elapsed    User CPU    Sys CPU       CPU      Block I/O    Swap In      CPU MEM        Characters           Logical I/O      CoreMem   VirtMem   Ex
     Name           At       Seconds    Seconds     Seconds    Delay Secs  Delay Secs  Delay Secs  Avg Mbytes     Read     Written     Read      Write    HiValue   HiValue   St   Ni  Fl   SBU's 
===============  ========  ==========  ==========  ==========  ==========  ==========  ==========  ==========  =========  =========  ========  ========  ========  ========  ===  ===  ==  =======
# CFG   ON(    1) (    7)  01:39:53 04/21/2011  System:  Linux pople4700.psc.teragrid.or 2.6.16.60-0.42.5-default #1 SMP Mon Aug 24 09:41:41 UTC 2009 ia64
ja               01:39:53        0.02        0.00        0.00        0.00        0.00        0.00        0.00      0.018      0.000        18         4      2112      5872    0    0         0.00
cp               01:39:53        0.01        0.00        0.00        0.00        0.00        0.00        4.02      0.074      0.068        12         2      1744      6576    0    0         0.00
cp               01:39:53        0.01        0.00        0.00        0.00        0.00        0.00        4.94      0.007      0.001        12         2      1680      6576    0    0         0.00
cpuset           01:39:53        0.00        0.00        0.00        0.00        0.00        0.00        0.01      0.003      0.000         9         1      1232      3488    0    0         0.00
cpuset           01:39:53        0.00        0.00        0.00        0.00        0.00        0.00        0.67      0.007      0.000        28         1      1472      3600    0    0         0.00
expr             01:39:53        0.00        0.00        0.00        0.00        0.00        0.00        0.01      0.004      0.000         8         1      1456      4560    0    0         0.00
omplace          01:39:53        0.00        0.00        0.00        0.00        0.00        0.00        0.02      0.000      0.000         0         1      2096      7200    0    0  F      0.00
sed              01:39:53        0.00        0.00        0.00        0.00        0.00        0.00        8.30      0.004      0.000        10         1      1760      4720    0    0         0.00
omplace          01:39:53        0.00        0.00        0.00        0.00        0.00        0.00        0.01      0.000      0.000         0         0      2000      7136    0    0  F      0.00
omplace          01:39:53        0.00        0.00        0.00        0.00        0.00        0.00        0.02      0.000      0.000         0         1      2128      7200    0    0  F      0.00
sed              01:39:53        0.00        0.00        0.00        0.00        0.00        0.00        4.34      0.004      0.000        10         1      1760      4720    0    0         0.00
omplace          01:39:53        0.00        0.00        0.00        0.00        0.00        0.00        0.01      0.000      0.000         0         0      2000      7136    0    0  F      0.00
omplace          01:39:53        0.00        0.00        0.00        0.00        0.00        0.00        0.02      0.000      0.000         0         1      2128      7200    0    0  F      0.00
cut              01:39:53        0.00        0.00        0.00        0.00        0.00        0.00        0.01      0.004      0.000        10         1      1584      4640    0    0         0.00
omplace          01:39:53        0.00        0.00        0.00        0.00        0.00        0.00        0.01      0.000      0.000         0         0      2000      7136    0    0  F      0.00
omplace          01:39:53        0.00        0.00        0.00        0.00        0.00        0.00        0.02      0.000      0.000         0         1      2128      7200    0    0  F      0.00
grep             01:39:53        0.00        0.00        0.00        0.00        0.00        0.00        0.00      0.004      0.000        10         0      1824      4736    1    0         0.00
omplace          01:39:53        0.00        0.00        0.00        0.00        0.00        0.00        0.02      0.000      0.000         0         1      2144      7216    0    0  F      0.00
cut              01:39:53        0.00        0.00        0.00        0.00        0.00        0.00        0.01      0.004      0.000        10         1      1584      4640    0    0         0.00
omplace          01:39:53        0.00        0.00        0.00        0.00        0.00        0.00        0.01      0.000      0.000         0         0      2016      7152    0    0  F      0.00
omplace          01:39:53        0.00        0.00        0.00        0.00        0.00        0.00        0.02      0.000      0.000         0         1      2144      7216    0    0  F      0.00
cut              01:39:53        0.00        0.00        0.00        0.00        0.00        0.00        0.01      0.004      0.000        10         1      1584      4640    0    0         0.00
omplace          01:39:53        0.00        0.00        0.00        0.00        0.00        0.00        0.01      0.000      0.000         0         0      2016      7152    0    0  F      0.00
seq              01:39:53        0.00        0.00        0.00        0.00        0.00        0.00        4.52      0.005      0.000         9         1      1728      5408    0    0         0.00
omplace          01:39:53        0.00        0.00        0.00        0.00        0.00        0.00        0.02      0.000      0.000         0         0      2176      7136    0    0  F      0.00
omplace          01:39:53        0.03        0.00        0.00        0.00        0.00        0.00        8.66      0.000      0.000        12         1      2480      7200    0    0  F      0.00
omplace          01:39:53        0.00        0.00        0.00        0.00        0.00        0.00        0.02      0.000      0.000         0         1      2112      7200    0    0  F      0.00
wc               01:39:53        0.00        0.00        0.00        0.00        0.00        0.00        0.01      0.004      0.000        10         1      1664      4560    0    0         0.00
omplace          01:39:53        0.00        0.00        0.00        0.00        0.00        0.00        0.01      0.000      0.000         0         0      1984      7136    0    0  F      0.00
expr             01:39:53        0.00        0.00        0.00        0.00        0.00        0.00        0.94      0.004      0.000         8         1      1456      4560    0    0         0.00
cat              01:39:53        0.03        0.00        0.01        0.00        0.00        0.00        4.59      0.004      0.000        10         2      1488      4496    0    0         0.00
expr             01:39:53        0.00        0.00        0.00        0.00        0.00        0.00        0.01      0.004      0.000         8         1      1456      4560    0    0         0.00
expr             01:39:53        0.00        0.00        0.00        0.00        0.00        0.00        0.01      0.004      0.000         8         1      1456      4560    0    0         0.00
expr             01:39:53        0.00        0.00        0.00        0.00        0.00        0.00        0.01      0.004      0.000         8         1      1456      4560    1    0         0.00
cat              01:39:53        0.02        0.00        0.00        0.00        0.00        0.00        0.01      0.004      0.000        12         2      1488      4496    0    0         0.00
expr             01:39:53        0.00        0.00        0.00        0.00        0.00        0.00        0.01      0.004      0.000         8         1      1456      4560    0    0         0.00
omplace          01:39:53        0.00        0.00        0.00        0.00        0.00        0.00        0.02      0.000      0.000         0         1      2384      7200    0    0  F      0.00
parallel35       01:39:54       42.32       42.24        0.00        0.00        0.00        0.00        0.01      0.000      0.000         0         0     11696    146640    0    0         0.00
parallel35       01:39:54       42.32       42.24        0.00        0.00        0.00        0.00        0.00      0.000      0.000         0         0     11696    146640    0    0         0.00
parallel35       01:39:54       42.32       42.24        0.00        0.00        0.00        0.00        0.00      0.000      0.000         0         0     11696    146640    0    0         0.00
parallel35       01:39:54       42.32       42.24        0.00        0.00        0.00        0.00        0.01      0.000      0.000         0         0     11696    146640    0    0         0.00
parallel35       01:39:54       42.32       42.24        0.00        0.00        0.00        0.00        0.00      0.000      0.000         0         0     11696    146640    0    0         0.00
parallel35       01:39:54       42.32       42.24        0.00        0.00        0.00        0.00        0.01      0.000      0.000         0         0     11696    146640    0    0         0.00
parallel35       01:39:54       42.32       42.24        0.00        0.00        0.00        0.00        0.01      0.000      0.000         0         0     11696    146640    0    0         0.00
parallel35       01:39:54       42.32       42.24        0.00        0.00        0.00        0.00        0.00      0.000      0.000         0         0     11696    146640    0    0         0.00
parallel35       01:39:54       42.32       42.24        0.00        0.00        0.00        0.00        0.00      0.000      0.000         0         0     11696    146640    0    0         0.00
parallel35       01:39:54       42.32       42.24        0.00        0.00        0.00        0.00        0.00      0.000      0.000         0         0     11696    146640    0    0         0.00
parallel35       01:39:54       42.32       42.24        0.00        0.00        0.00        0.00        0.00      0.000      0.000         0         0     11696    146640    0    0         0.00
parallel35       01:39:54       42.32       42.24        0.00        0.00        0.00        0.00        0.00      0.000      0.000         0         0     11696    146640    0    0         0.00
parallel35       01:39:54       42.32       42.24        0.00        0.00        0.00        0.00        0.00      0.000      0.000         0         0     11696    146640    0    0         0.00
parallel35       01:39:54       42.32       42.24        0.00        0.00        0.00        0.00        0.01      0.000      0.000         0         0     11696    146640    0    0         0.00
parallel35       01:39:54       42.32       42.24        0.00        0.00        0.00        0.00        0.00      0.000      0.000         0         0     11696    146640    0    0         0.00
parallel35       01:39:54       42.32       42.23        0.01        0.00        0.00        0.00        0.03      0.000      0.000         0         0     11696    146640    0    0         0.00
parallel35       01:39:54       42.32       42.23        0.00        0.00        0.00        0.00        0.01      0.000      0.000         0         0     11696    146640    0    0         0.00
parallel35       01:39:54       42.32       42.24        0.00        0.00        0.00        0.00        0.00      0.000      0.000         0         0     11696    146640    0    0         0.00
parallel35       01:39:54       42.32       42.24        0.00        0.00        0.00        0.00        0.00      0.000      0.000         0         0     11696    146640    0    0         0.00
parallel35       01:39:54       42.32       42.24        0.01        0.00        0.00        0.00        0.03      0.000      0.000         0         0     11696    146640    0    0         0.00
parallel35       01:39:54       42.32       42.24        0.00        0.00        0.00        0.00        0.01      0.000      0.000         0         0     11696    146640    0    0         0.00
parallel35       01:39:54       42.32       42.24        0.00        0.00        0.00        0.00        0.00      0.000      0.000         0         0     11696    146640    0    0         0.00
parallel35       01:39:54       42.32       42.24        0.00        0.00        0.00        0.00        0.00      0.000      0.000         0         0     11696    146640    0    0         0.00
parallel35       01:39:54       42.32       42.24        0.00        0.00        0.00        0.00        0.00      0.000      0.000         0         0     11696    146640    0    0         0.00
parallel35       01:39:54       42.32       42.24        0.00        0.00        0.00        0.00        0.01      0.000      0.000         0         0     11696    146640    0    0         0.00
parallel35       01:39:54       42.32       42.24        0.00        0.00        0.00        0.00        0.00      0.000      0.000         0         0     11696    146640    0    0         0.00
parallel35       01:39:54       42.32       42.24        0.00        0.00        0.00        0.00        0.00      0.000      0.000         0         0     11696    146640    0    0         0.00
parallel35       01:39:54       42.32       42.24        0.00        0.00        0.00        0.00        0.01      0.000      0.000         0         0     11696    146640    0    0         0.00
parallel35       01:39:54       42.32       42.24        0.00        0.00        0.00        0.00        0.00      0.000      0.000         0         0     11696    146640    0    0         0.00
parallel35       01:39:54       42.32       42.24        0.00        0.00        0.00        0.00        0.00      0.000      0.000         0         0     11696    146640    0    0         0.00
parallel35       01:39:54       42.32       42.24        0.00        0.00        0.00        0.00        0.01      0.000      0.000         0         0     11696    146640    0    0         0.00
parallel35       01:39:54       42.48        0.00        0.00        0.01        0.00        0.00        0.32      0.000      0.000         0         0     11696    146640    0    0         0.00
parallel35       01:39:54       42.48       42.27        0.04        0.00        0.00        0.00        0.02      0.624      0.000       656         2     11696    146640    0    0         0.00
rm               01:40:36        0.00        0.00        0.00        0.00        0.00        0.00        0.01      0.004      0.000         8         0      1504      4528    0    0         0.00
omplace          01:39:54       42.60        0.01        0.01        0.00        0.00        0.00        4.94      0.039      0.000        46         1      3456      7200    0    0         0.00


Job CSA Accounting - Summary Report
====================================

Job Accounting File Name         : /tmp/.jacct2c27e
Operating System                 : Linux pople4700.psc.teragrid.or 2.6.16.60-0.42.5-default #1 SMP Mon Aug 24 09:41:41 UTC 2009 ia64
User Name (ID)                   : bparr (45460)
Group Name (ID)                  : ac3bdhp (13825)
Project Name (ID)                : ? (0)
Job ID                           : 0x2c27e
Report Starts                    : 04/21/11 01:39:53
Report Ends                      : 04/21/11 01:40:36
Elapsed Time                     :           43      Seconds
User CPU Time                    :         1351.6760 Seconds
System CPU Time                  :            0.1577 Seconds
CPU Time Core Memory Integral    :            0.7174 Mbyte-seconds
CPU Time Virtual Memory Integral :            8.8367 Mbyte-seconds
Maximum Core Memory Used         :           11.4219 Mbytes
Maximum Virtual Memory Used      :          143.2031 Mbytes
Characters Read                  :            0.8456 Mbytes
Characters Written               :            0.0706 Mbytes
Logical I/O Read Requests        :          950
Logical I/O Write Requests       :           39
CPU Delay                        :            0.0280 Seconds
Block I/O Delay                  :            0.0003 Seconds
Swap In Delay                    :            0.0000 Seconds
Number of Commands               :           72
System Billing Units             :            0.0000
