module: Command not found.
ja
cd /bessemer/bparr
cp /usr/users/0/bparr/kenken/parallel parallel33
cp /usr/users/0/bparr/kenken/input/33minutes.txt p33minutes.txt
setenv OMP_NUM_THREADS 32
omplace -nt 32 ./parallel33 2 p33minutes.txt
4 9 3 2 1 10 5 6 8 7
1 10 9 4 2 5 8 3 7 6
3 1 2 8 7 6 9 10 4 5
7 3 5 6 8 2 1 4 10 9
5 7 10 9 6 4 3 8 2 1
2 4 6 7 3 9 10 1 5 8
10 8 4 1 9 7 6 5 3 2
6 2 8 3 5 1 4 7 9 10
9 5 1 10 4 8 7 2 6 3
8 6 7 5 10 3 2 9 1 4
Nodes Visited: 1806034903
Computation Time = 709768.452 millisecs
      Total Time = 709772.945 millisecs
omplace -nt 32 ./parallel33 4 p33minutes.txt
4 9 3 2 1 10 5 6 8 7
1 10 9 4 2 5 8 3 7 6
3 1 2 8 7 6 9 10 4 5
7 3 5 6 8 2 1 4 10 9
5 7 10 9 6 4 3 8 2 1
2 4 6 7 3 9 10 1 5 8
10 8 4 1 9 7 6 5 3 2
6 2 8 3 5 1 4 7 9 10
9 5 1 10 4 8 7 2 6 3
8 6 7 5 10 3 2 9 1 4
Nodes Visited: 576878872
Computation Time = 113281.465 millisecs
      Total Time = 113286.114 millisecs
omplace -nt 32 ./parallel33 8 p33minutes.txt
4 9 2 3 1 10 5 6 8 7
1 10 9 4 2 5 8 3 7 6
3 1 8 6 7 2 9 10 4 5
7 3 5 2 8 6 1 4 10 9
5 7 10 9 6 4 3 8 2 1
2 4 6 1 3 9 10 7 5 8
10 8 4 7 9 1 6 5 3 2
6 2 3 8 5 7 4 1 9 10
9 5 1 10 4 8 7 2 6 3
8 6 7 5 10 3 2 9 1 4
Nodes Visited: 109227651
Computation Time = 10976.880 millisecs
      Total Time = 10983.341 millisecs
omplace -nt 32 ./parallel33 16 p33minutes.txt
4 9 3 2 1 10 5 6 8 7
1 10 9 4 2 5 8 3 7 6
3 1 2 8 7 6 9 10 4 5
7 3 5 6 8 2 1 4 10 9
5 7 10 9 6 4 3 8 2 1
2 4 6 7 3 9 10 1 5 8
10 8 4 1 9 7 6 5 3 2
6 2 8 3 5 1 4 7 9 10
9 5 1 10 4 8 7 2 6 3
8 6 7 5 10 3 2 9 1 4
Nodes Visited: 2015410118
Computation Time = 113660.598 millisecs
      Total Time = 113708.479 millisecs
omplace -nt 32 ./parallel33 24 p33minutes.txt
1 9 3 4 2 10 5 6 8 7
4 10 2 9 1 5 8 3 7 6
3 1 7 6 8 2 9 10 4 5
7 3 5 2 6 4 1 8 10 9
5 7 6 8 10 9 3 4 2 1
2 4 9 1 3 6 10 7 5 8
10 8 4 7 9 1 6 5 3 2
6 2 8 3 5 7 4 1 9 10
9 5 1 10 4 8 7 2 6 3
8 6 10 5 7 3 2 9 1 4
Nodes Visited: 2375638902
Computation Time = 79211.327 millisecs
      Total Time = 79228.870 millisecs
omplace -nt 32 ./parallel33 32 p33minutes.txt
4 9 2 3 1 10 5 6 8 7
1 10 9 4 2 5 8 3 7 6
3 1 8 6 7 2 9 10 4 5
7 3 5 2 8 6 1 4 10 9
5 7 10 9 6 4 3 8 2 1
2 4 6 1 3 9 10 7 5 8
10 8 4 7 9 1 6 5 3 2
6 2 3 8 5 7 4 1 9 10
9 5 1 10 4 8 7 2 6 3
8 6 7 5 10 3 2 9 1 4
Nodes Visited: 684111027
Computation Time = 16996.966 millisecs
      Total Time = 17013.453 millisecs
ja -chlst


Job Accounting - Command Report
===============================

    Command       Started    Elapsed    User CPU    Sys CPU       CPU      Block I/O    Swap In      CPU MEM        Characters           Logical I/O      CoreMem   VirtMem   Ex
     Name           At       Seconds    Seconds     Seconds    Delay Secs  Delay Secs  Delay Secs  Avg Mbytes     Read     Written     Read      Write    HiValue   HiValue   St   Ni  Fl   SBU's 
===============  ========  ==========  ==========  ==========  ==========  ==========  ==========  ==========  =========  =========  ========  ========  ========  ========  ===  ===  ==  =======
# CFG   ON(    1) (    7)  03:06:54 04/21/2011  System:  Linux bl1.psc.teragrid.org 2.6.32.29-0.3.1.2687.3.PTF-default #1 SMP 2011-02-25 13:36:59 +0100 x86_64
ja               03:06:54        0.00        0.00        0.00        0.00        0.00        0.00       23.95      0.019      0.000        19         4      1060     23772    0    0         0.00
cp               03:06:54        0.04        0.00        0.00        0.00        0.00        0.00       12.60      0.102      0.093        18         2       964     15820    0    0         0.00
cp               03:06:54        0.01        0.00        0.00        0.00        0.00        0.00       14.27      0.011      0.001        18         2       872     15820    0    0         0.00
cpuset           03:06:54        0.00        0.00        0.01        0.00        0.00        0.00        0.00      0.004      0.000         9         1       560      8120    0    0         0.00
cpuset           03:06:54        0.00        0.00        0.00        0.00        0.00        0.00        8.31      0.008      0.000        30         1       684      8120    0    0         0.00
expr             03:06:54        0.00        0.00        0.01        0.00        0.00        0.00        0.00      0.004      0.000         8         1       668      5320    0    0         0.00
omplace          03:06:54        0.00        0.00        0.01        0.00        0.00        0.00        0.00      0.000      0.000         0         1       864     12744    0    0  F      0.00
sed              03:06:54        0.00        0.00        0.01        0.00        0.00        0.00        0.00      0.004      0.000        10         1       804      5392    0    0         0.00
omplace          03:06:54        0.00        0.00        0.00        0.00        0.00        0.00       12.96      0.000      0.000         0         0       880     12740    0    0  F      0.00
omplace          03:06:54        0.00        0.00        0.00        0.00        0.00        0.00       13.30      0.000      0.000         0         1       872     12744    0    0  F      0.00
sed              03:06:54        0.00        0.00        0.00        0.00        0.00        0.00       12.98      0.004      0.000        10         1       804      5392    0    0         0.00
omplace          03:06:54        0.00        0.00        0.01        0.00        0.00        0.00        0.00      0.000      0.000         0         0       880     12740    0    0  F      0.00
omplace          03:06:54        0.00        0.00        0.01        0.00        0.00        0.00        0.00      0.000      0.000         0         1       876     12744    0    0  F      0.00
egrep            03:06:54        0.00        0.00        0.01        0.00        0.00        0.00        0.00      0.004      0.000        10         0       824      5368    1    0         0.00
omplace          03:06:54        0.00        0.00        0.01        0.00        0.00        0.00        0.00      0.000      0.000         0         0       884     12740    1    0  F      0.00
omplace          03:06:54        0.00        0.00        0.01        0.00        0.00        0.00        0.00      0.000      0.000         0         1       876     12744    0    0  F      0.00
cut              03:06:54        0.05        0.00        0.00        0.00        0.00        0.00        5.89      0.004      0.000        10         1       712      5332    0    0         0.00
omplace          03:06:54        0.05        0.00        0.01        0.00        0.00        0.00        0.00      0.000      0.000         0         0       888     12740    0    0  F      0.00
omplace          03:06:54        0.00        0.00        0.01        0.00        0.00        0.00        0.00      0.000      0.000         0         1       872     12744    0    0  F      0.00
grep             03:06:54        0.00        0.00        0.01        0.00        0.00        0.00        0.00      0.004      0.000        10         0       820      5520    1    0         0.00
omplace          03:06:54        0.00        0.00        0.01        0.00        0.00        0.00        0.00      0.000      0.000         0         1       876     12744    0    0  F      0.00
cut              03:06:54        0.00        0.00        0.00        0.00        0.00        0.00       13.15      0.004      0.000        10         1       712      5332    0    0         0.00
omplace          03:06:54        0.00        0.00        0.01        0.00        0.00        0.00        0.00      0.000      0.000         0         0       888     12740    0    0  F      0.00
omplace          03:06:54        0.00        0.00        0.01        0.00        0.00        0.00        0.00      0.000      0.000         0         1       876     12744    0    0  F      0.00
cut              03:06:54        0.00        0.00        0.00        0.00        0.00        0.00        0.40      0.004      0.000        10         1       716      5332    0    0         0.00
omplace          03:06:54        0.00        0.00        0.01        0.00        0.00        0.00        0.00      0.000      0.000         0         0       888     12740    0    0  F      0.00
seq              03:06:54        0.00        0.00        0.01        0.00        0.00        0.00        0.00      0.004      0.000         8         1       736      5316    0    0         0.00
omplace          03:06:54        0.00        0.00        0.00        0.00        0.00        0.00       13.27      0.000      0.000         0         0       952     12740    0    0  F      0.00
omplace          03:06:54        0.07        0.00        0.01        0.00        0.00        0.00        0.00      0.000      0.000        14         1      1072     12744    0    0  F      0.00
omplace          03:06:54        0.00        0.00        0.01        0.00        0.00        0.00        0.00      0.000      0.000         0         1       868     12744    0    0  F      0.00
wc               03:06:54        0.00        0.00        0.00        0.00        0.00        0.00        4.39      0.004      0.000        10         1       752      5316    0    0         0.00
omplace          03:06:54        0.00        0.00        0.01        0.00        0.00        0.00        0.00      0.000      0.000         0         0       872     12740    0    0  F      0.00
expr             03:06:54        0.00        0.00        0.01        0.00        0.00        0.00        0.00      0.004      0.000         8         1       664      5320    0    0         0.00
cat              03:06:54        0.00        0.00        0.01        0.00        0.00        0.00        8.69      0.004      0.000        10         2       676      5328    0    0         0.00
expr             03:06:54        0.00        0.00        0.01        0.00        0.00        0.00        0.00      0.004      0.000         8         1       668      5320    0    0         0.00
expr             03:06:54        0.00        0.00        0.00        0.00        0.00        0.00       13.27      0.004      0.000         8         1       668      5320    0    0         0.00
expr             03:06:54        0.00        0.00        0.00        0.00        0.00        0.00       13.21      0.004      0.000         8         1       668      5320    1    0         0.00
cat              03:06:54        0.01        0.00        0.01        0.00        0.00        0.00        0.00      0.004      0.000        12         2       680      5328    0    0         0.00
expr             03:06:54        0.00        0.00        0.01        0.00        0.00        0.00        0.00      0.004      0.000         8         1       668      5320    0    0         0.00
omplace          03:06:54        0.00        0.00        0.01        0.00        0.00        0.00        0.00      0.000      0.000         0         1      1008     12744    0    0  F      0.00
parallel33       03:06:56      709.77      709.77        0.00        0.05        0.00        0.00       88.85      0.000      0.000         0         0      2204    154404    0    0         0.00
parallel33       03:06:56      709.88        0.00        1.29        0.01        0.00        0.00       88.64      0.000      0.000         0         0      2204    154404    0    0         0.00
parallel33       03:06:55      710.67      709.78        0.78        0.05        0.00        0.00       88.77      0.560      0.000       615         1      2204    154404    0    0         0.00
rm               03:18:45        0.00        0.00        0.01        0.00        0.00        0.00        0.00      0.004      0.000         8         0       692      5332    0    0         0.00
omplace          03:06:55      710.79        0.00        0.01        0.00        0.00        0.00       13.10      0.049      0.000        48         1      1652     12740    0    0         0.00
cpuset           03:18:45        0.00        0.00        0.01        0.00        0.00        0.00        0.00      0.004      0.000         9         1       556      8120    0    0         0.00
cpuset           03:18:45        0.00        0.00        0.01        0.00        0.00        0.00        0.00      0.008      0.000        30         1       684      8120    0    0         0.00
expr             03:18:45        0.00        0.00        0.00        0.00        0.00        0.00        4.35      0.004      0.000         8         1       664      5320    0    0         0.00
omplace          03:18:45        0.00        0.00        0.01        0.00        0.00        0.00        0.00      0.000      0.000         0         1       868     12744    0    0  F      0.00
sed              03:18:45        0.00        0.00        0.00        0.00        0.00        0.00        4.07      0.004      0.000        10         1       800      5392    0    0         0.00
omplace          03:18:45        0.00        0.00        0.01        0.00        0.00        0.00        0.00      0.000      0.000         0         0       884     12740    0    0  F      0.00
omplace          03:18:45        0.00        0.00        0.01        0.00        0.00        0.00        0.00      0.000      0.000         0         1       876     12744    0    0  F      0.00
sed              03:18:45        0.00        0.00        0.00        0.00        0.00        0.00        4.22      0.004      0.000        10         1       808      5392    0    0         0.00
omplace          03:18:45        0.00        0.00        0.01        0.00        0.00        0.00        0.00      0.000      0.000         0         0       884     12740    0    0  F      0.00
omplace          03:18:45        0.00        0.00        0.01        0.00        0.00        0.00        0.00      0.000      0.000         0         1       880     12744    0    0  F      0.00
egrep            03:18:45        0.00        0.00        0.00        0.00        0.00        0.00        4.45      0.004      0.000        10         0       824      5368    1    0         0.00
omplace          03:18:45        0.00        0.00        0.01        0.00        0.00        0.00        0.00      0.000      0.000         0         0       888     12740    1    0  F      0.00
omplace          03:18:45        0.00        0.00        0.01        0.00        0.00        0.00        0.00      0.000      0.000         0         1       880     12744    0    0  F      0.00
cut              03:18:45        0.00        0.00        0.01        0.00        0.00        0.00        0.00      0.004      0.000        10         1       712      5332    0    0         0.00
omplace          03:18:45        0.00        0.00        0.01        0.00        0.00        0.00        0.00      0.000      0.000         0         0       892     12740    0    0  F      0.00
omplace          03:18:45        0.00        0.00        0.00        0.00        0.00        0.00       13.25      0.000      0.000         0         1       876     12744    0    0  F      0.00
grep             03:18:45        0.00        0.00        0.00        0.00        0.00        0.00       13.01      0.004      0.000        10         0       816      5520    1    0         0.00
omplace          03:18:45        0.00        0.00        0.01        0.00        0.00        0.00        0.00      0.000      0.000         0         1       880     12744    0    0  F      0.00
cut              03:18:45        0.00        0.00        0.01        0.00        0.00        0.00        0.00      0.004      0.000        10         1       712      5332    0    0         0.00
omplace          03:18:45        0.00        0.00        0.01        0.00        0.00        0.00        0.00      0.000      0.000         0         0       892     12740    0    0  F      0.00
omplace          03:18:45        0.00        0.00        0.01        0.00        0.00        0.00        0.00      0.000      0.000         0         1       880     12744    0    0  F      0.00
cut              03:18:45        0.00        0.00        0.00        0.00        0.00        0.00       13.16      0.004      0.000        10         1       712      5332    0    0         0.00
omplace          03:18:45        0.00        0.00        0.00        0.00        0.00        0.00       13.12      0.000      0.000         0         0       892     12740    0    0  F      0.00
seq              03:18:45        0.00        0.00        0.00        0.00        0.00        0.00        4.05      0.004      0.000         8         1       740      5316    0    0         0.00
omplace          03:18:45        0.00        0.00        0.01        0.00        0.00        0.00        0.00      0.000      0.000         0         0       956     12740    0    0  F      0.00
omplace          03:18:45        0.03        0.01        0.00        0.00        0.00        0.00       13.19      0.000      0.000        14         1      1076     12744    0    0  F      0.00
omplace          03:18:45        0.00        0.00        0.01        0.00        0.00        0.00        0.00      0.000      0.000         0         1       872     12744    0    0  F      0.00
wc               03:18:45        0.00        0.00        0.00        0.00        0.00        0.00        0.64      0.004      0.000        10         1       752      5316    0    0         0.00
omplace          03:18:45        0.00        0.00        0.01        0.00        0.00        0.00        0.00      0.000      0.000         0         0       876     12740    0    0  F      0.00
expr             03:18:45        0.00        0.00        0.01        0.00        0.00        0.00        0.00      0.004      0.000         8         1       668      5320    0    0         0.00
cat              03:18:45        0.00        0.00        0.01        0.00        0.00        0.00        6.65      0.004      0.000        10         2       680      5328    0    0         0.00
expr             03:18:45        0.00        0.00        0.01        0.00        0.00        0.00        0.00      0.004      0.000         8         1       672      5320    0    0         0.00
expr             03:18:45        0.00        0.00        0.01        0.00        0.00        0.00        0.00      0.004      0.000         8         1       668      5320    0    0         0.00
expr             03:18:45        0.00        0.00        0.01        0.00        0.00        0.00        0.00      0.004      0.000         8         1       664      5320    1    0         0.00
cat              03:18:45        0.01        0.00        0.00        0.00        0.00        0.00       13.07      0.004      0.000        12         2       676      5328    0    0         0.00
expr             03:18:45        0.00        0.00        0.00        0.00        0.00        0.00       12.86      0.004      0.000         8         1       668      5320    0    0         0.00
omplace          03:18:45        0.00        0.00        0.01        0.00        0.00        0.00        0.00      0.000      0.000         0         1      1012     12744    0    0  F      0.00
parallel33       03:18:46      113.28      113.28        0.00        0.01        0.00        0.00       97.39      0.000      0.000         0         0      2568    154392    0    0         0.00
parallel33       03:18:46      113.28      113.28        0.00        0.01        0.00        0.00       97.39      0.000      0.000         0         0      2568    154392    0    0         0.00
parallel33       03:18:46      113.28      113.26        0.02        0.01        0.00        0.00       97.39      0.000      0.000         0         0      2568    154392    0    0         0.00
parallel33       03:18:46      113.35        0.00        1.16        0.00        0.00        0.00       97.38      0.000      0.000         0         0      2568    154392    0    0         0.00
parallel33       03:18:45      114.13      113.28        0.78        0.01        0.00        0.00       96.85      0.560      0.000       615         1      2568    154392    0    0         0.00
rm               03:20:39        0.00        0.00        0.01        0.00        0.00        0.00        0.00      0.004      0.000         8         0       688      5332    0    0         0.00
omplace          03:18:45      114.21        0.01        0.01        0.00        0.00        0.00       13.99      0.049      0.000        48         1      1656     12740    0    0         0.00
cpuset           03:20:39        0.00        0.00        0.01        0.00        0.00        0.00        0.00      0.004      0.000         9         1       556      8120    0    0         0.00
cpuset           03:20:39        0.00        0.00        0.00        0.00        0.00        0.00        8.41      0.008      0.000        30         1       688      8120    0    0         0.00
expr             03:20:39        0.00        0.00        0.00        0.00        0.00        0.00       13.00      0.004      0.000         8         1       672      5320    0    0         0.00
omplace          03:20:39        0.00        0.00        0.01        0.00        0.00        0.00        0.00      0.000      0.000         0         1       864     12744    0    0  F      0.00
sed              03:20:39        0.00        0.00        0.00        0.00        0.00        0.00       13.08      0.004      0.000        10         1       804      5392    0    0         0.00
omplace          03:20:39        0.00        0.00        0.01        0.00        0.00        0.00        0.00      0.000      0.000         0         0       880     12740    0    0  F      0.00
omplace          03:20:39        0.00        0.00        0.01        0.00        0.00        0.00        0.00      0.000      0.000         0         1       872     12744    0    0  F      0.00
sed              03:20:39        0.00        0.00        0.01        0.00        0.00        0.00        0.00      0.004      0.000        10         1       804      5392    0    0         0.00
omplace          03:20:39        0.00        0.00        0.01        0.00        0.00        0.00        0.00      0.000      0.000         0         0       880     12740    0    0  F      0.00
omplace          03:20:39        0.00        0.00        0.01        0.00        0.00        0.00        0.00      0.000      0.000         0         1       876     12744    0    0  F      0.00
egrep            03:20:39        0.00        0.00        0.00        0.00        0.00        0.00        0.02      0.004      0.000        10         0       820      5368    1    0         0.00
omplace          03:20:39        0.00        0.00        0.01        0.00        0.00        0.00        0.00      0.000      0.000         0         0       884     12740    1    0  F      0.00
omplace          03:20:39        0.00        0.00        0.01        0.00        0.00        0.00        0.00      0.000      0.000         0         1       876     12744    0    0  F      0.00
cut              03:20:39        0.00        0.00        0.00        0.00        0.00        0.00        4.04      0.004      0.000        10         1       716      5332    0    0         0.00
omplace          03:20:39        0.00        0.00        0.01        0.00        0.00        0.00        0.00      0.000      0.000         0         0       888     12740    0    0  F      0.00
omplace          03:20:39        0.00        0.00        0.01        0.00        0.00        0.00        0.00      0.000      0.000         0         1       872     12744    0    0  F      0.00
grep             03:20:39        0.00        0.00        0.01        0.00        0.00        0.00        0.00      0.004      0.000        10         0       824      5520    1    0         0.00
omplace          03:20:39        0.00        0.00        0.01        0.00        0.00        0.00        0.00      0.000      0.000         0         1       876     12744    0    0  F      0.00
cut              03:20:39        0.00        0.00        0.01        0.00        0.00        0.00        0.00      0.004      0.000        10         1       716      5332    0    0         0.00
omplace          03:20:39        0.00        0.00        0.01        0.00        0.00        0.00        0.00      0.000      0.000         0         0       888     12740    0    0  F      0.00
omplace          03:20:39        0.00        0.00        0.01        0.00        0.00        0.00        0.00      0.000      0.000         0         1       876     12744    0    0  F      0.00
cut              03:20:39        0.00        0.00        0.01        0.00        0.00        0.00        0.00      0.004      0.000        10         1       708      5332    0    0         0.00
omplace          03:20:39        0.00        0.00        0.01        0.00        0.00        0.00        0.00      0.000      0.000         0         0       888     12740    0    0  F      0.00
seq              03:20:39        0.00        0.00        0.00        0.00        0.00        0.00        0.39      0.004      0.000         8         1       740      5316    0    0         0.00
omplace          03:20:39        0.00        0.00        0.01        0.00        0.00        0.00        0.00      0.000      0.000         0         0       952     12740    0    0  F      0.00
omplace          03:20:39        0.03        0.00        0.01        0.00        0.00        0.00        0.00      0.000      0.000        14         1      1072     12744    0    0  F      0.00
omplace          03:20:39        0.00        0.00        0.01        0.00        0.00        0.00        0.00      0.000      0.000         0         1       868     12744    0    0  F      0.00
wc               03:20:39        0.00        0.00        0.00        0.00        0.00        0.00        0.39      0.004      0.000        10         1       756      5316    0    0         0.00
omplace          03:20:39        0.00        0.00        0.01        0.00        0.00        0.00        0.00      0.000      0.000         0         0       872     12740    0    0  F      0.00
expr             03:20:39        0.00        0.00        0.01        0.00        0.00        0.00        0.00      0.004      0.000         8         1       664      5320    0    0         0.00
cat              03:20:39        0.00        0.00        0.01        0.00        0.00        0.00        6.57      0.004      0.000        10         2       676      5328    0    0         0.00
expr             03:20:39        0.00        0.00        0.01        0.00        0.00        0.00        0.00      0.004      0.000         8         1       668      5320    0    0         0.00
expr             03:20:39        0.00        0.00        0.01        0.00        0.00        0.00        0.00      0.004      0.000         8         1       668      5320    0    0         0.00
expr             03:20:39        0.00        0.00        0.01        0.00        0.00        0.00        0.00      0.004      0.000         8         1       664      5320    1    0         0.00
cat              03:20:39        0.01        0.00        0.00        0.00        0.00        0.00       13.17      0.004      0.000        12         2       672      5328    0    0         0.00
expr             03:20:39        0.00        0.00        0.00        0.00        0.00        0.00       13.21      0.004      0.000         8         1       664      5320    0    0         0.00
omplace          03:20:39        0.00        0.00        0.01        0.00        0.00        0.00        0.00      0.000      0.000         0         1      1008     12744    0    0  F      0.00
parallel33       03:20:40       11.03       10.98        0.06        0.00        0.00        0.00      178.47      0.000      0.000         0         0      3292    244908    0    0         0.00
parallel33       03:20:40       11.03       10.92        0.01        0.00        0.00        0.00      178.47      0.000      0.000         0         0      3292    244908    0    0         0.00
parallel33       03:20:40       11.08       10.92        0.02        0.01        0.00        0.00      178.47      0.000      0.000         0         0      3292    244908    0    0         0.00
parallel33       03:20:40       11.08       10.92        0.16        0.00        0.00        0.00      178.44      0.000      0.000         0         0      3292    244908    0    0         0.00
parallel33       03:20:40       11.08       10.92        0.11        0.00        0.00        0.00      178.47      0.000      0.000         0         0      3292    244908    0    0         0.00
parallel33       03:20:40       11.08       10.92        0.07        0.00        0.00        0.00      178.47      0.000      0.000         0         0      3292    244908    0    0         0.00
parallel33       03:20:40       11.08       10.92        0.02        0.00        0.00        0.00      178.47      0.000      0.000         0         0      3292    244908    0    0         0.00
parallel33       03:20:40       11.17        0.00        0.17        0.00        0.00        0.00      178.48      0.000      0.000         0         0      3292    244908    0    0         0.00
parallel33       03:20:40       11.96       10.98        0.78        0.00        0.00        0.00      167.84      0.560      0.000       615         1      3292    244908    0    0         0.00
rm               03:20:51        0.00        0.00        0.01        0.00        0.00        0.00        0.00      0.004      0.000         8         0       688      5332    0    0         0.00
omplace          03:20:39       12.03        0.01        0.01        0.00        0.00        0.00       10.77      0.049      0.000        48         1      1652     12740    0    0         0.00
cpuset           03:20:51        0.00        0.00        0.00        0.00        0.00        0.00        0.02      0.004      0.000         9         1       560      8120    0    0         0.00
cpuset           03:20:51        0.00        0.00        0.01        0.00        0.00        0.00        0.00      0.008      0.000        30         1       684      8120    0    0         0.00
expr             03:20:51        0.00        0.00        0.01        0.00        0.00        0.00        0.00      0.004      0.000         8         1       664      5320    0    0         0.00
omplace          03:20:51        0.00        0.00        0.01        0.00        0.00        0.00        0.00      0.000      0.000         0         1       868     12744    0    0  F      0.00
sed              03:20:51        0.00        0.00        0.01        0.00        0.00        0.00        0.00      0.004      0.000        10         1       808      5392    0    0         0.00
omplace          03:20:51        0.00        0.00        0.01        0.00        0.00        0.00        0.00      0.000      0.000         0         0       884     12740    0    0  F      0.00
omplace          03:20:51        0.00        0.00        0.01        0.00        0.00        0.00        0.00      0.000      0.000         0         1       876     12744    0    0  F      0.00
sed              03:20:51        0.00        0.00        0.00        0.00        0.00        0.00       13.15      0.004      0.000        10         1       804      5392    0    0         0.00
omplace          03:20:51        0.00        0.00        0.00        0.00        0.00        0.00       13.11      0.000      0.000         0         0       884     12740    0    0  F      0.00
omplace          03:20:51        0.00        0.00        0.01        0.00        0.00        0.00        0.00      0.000      0.000         0         1       880     12744    0    0  F      0.00
egrep            03:20:51        0.00        0.00        0.00        0.00        0.00        0.00        0.44      0.004      0.000        10         0       824      5368    1    0         0.00
omplace          03:20:51        0.00        0.00        0.01        0.00        0.00        0.00        0.00      0.000      0.000         0         0       888     12740    1    0  F      0.00
omplace          03:20:51        0.00        0.00        0.01        0.00        0.00        0.00        0.00      0.000      0.000         0         1       880     12744    0    0  F      0.00
cut              03:20:51        0.00        0.00        0.00        0.00        0.00        0.00        4.38      0.004      0.000        10         1       708      5332    0    0         0.00
omplace          03:20:51        0.00        0.00        0.01        0.00        0.00        0.00        0.00      0.000      0.000         0         0       892     12740    0    0  F      0.00
omplace          03:20:51        0.00        0.00        0.00        0.00        0.00        0.00       12.84      0.000      0.000         0         1       876     12744    0    0  F      0.00
grep             03:20:51        0.00        0.00        0.01        0.00        0.00        0.00        0.00      0.004      0.000        10         0       820      5520    1    0         0.00
omplace          03:20:51        0.00        0.00        0.01        0.00        0.00        0.00        0.00      0.000      0.000         0         1       880     12744    0    0  F      0.00
cut              03:20:51        0.00        0.00        0.01        0.00        0.00        0.00        0.00      0.004      0.000        10         1       712      5332    0    0         0.00
omplace          03:20:51        0.00        0.00        0.01        0.00        0.00        0.00        0.00      0.000      0.000         0         0       892     12740    0    0  F      0.00
omplace          03:20:51        0.00        0.00        0.01        0.00        0.00        0.00        0.00      0.000      0.000         0         1       880     12744    0    0  F      0.00
cut              03:20:51        0.00        0.00        0.00        0.00        0.00        0.00        0.02      0.004      0.000        10         1       716      5332    0    0         0.00
omplace          03:20:51        0.00        0.00        0.01        0.00        0.00        0.00        0.00      0.000      0.000         0         0       892     12740    0    0  F      0.00
seq              03:20:51        0.00        0.00        0.00        0.00        0.00        0.00        4.36      0.004      0.000         8         1       740      5316    0    0         0.00
omplace          03:20:51        0.00        0.00        0.01        0.00        0.00        0.00        0.00      0.000      0.000         0         0       956     12740    0    0  F      0.00
omplace          03:20:51        0.03        0.00        0.01        0.00        0.00        0.00       13.25      0.000      0.000        14         1      1076     12744    0    0  F      0.00
omplace          03:20:51        0.00        0.00        0.01        0.00        0.00        0.00        0.00      0.000      0.000         0         1       872     12744    0    0  F      0.00
wc               03:20:51        0.00        0.00        0.00        0.00        0.00        0.00        4.23      0.004      0.000        10         1       752      5316    0    0         0.00
omplace          03:20:51        0.00        0.00        0.01        0.00        0.00        0.00        0.00      0.000      0.000         0         0       876     12740    0    0  F      0.00
expr             03:20:51        0.00        0.00        0.01        0.00        0.00        0.00        0.00      0.004      0.000         8         1       668      5320    0    0         0.00
cat              03:20:51        0.00        0.00        0.01        0.00        0.00        0.00        8.52      0.004      0.000        10         2       676      5328    0    0         0.00
expr             03:20:51        0.00        0.00        0.01        0.00        0.00        0.00        0.00      0.004      0.000         8         1       664      5320    0    0         0.00
expr             03:20:51        0.00        0.00        0.01        0.00        0.00        0.00        0.00      0.004      0.000         8         1       664      5320    0    0         0.00
expr             03:20:51        0.00        0.00        0.00        0.00        0.00        0.00       13.18      0.004      0.000         8         1       668      5320    1    0         0.00
cat              03:20:51        0.01        0.00        0.01        0.00        0.00        0.00        0.00      0.004      0.000        12         2       676      5328    0    0         0.00
expr             03:20:51        0.00        0.00        0.01        0.00        0.00        0.00        0.00      0.004      0.000         8         1       664      5320    0    0         0.00
omplace          03:20:51        0.00        0.00        0.01        0.00        0.00        0.00        0.00      0.000      0.000         0         1      1012     12744    0    0  F      0.00
parallel33       03:20:53      113.66      113.66        0.00        0.01        0.00        0.00      276.84      0.000      0.000         0         0      4800    343932    0    0         0.00
parallel33       03:20:53      113.70      113.60        0.00        0.01        0.00        0.00      276.84      0.000      0.000         0         0      4800    343932    0    0         0.00
parallel33       03:20:53      113.66      113.65        0.00        0.01        0.00        0.00      276.84      0.000      0.000         0         0      4800    343932    0    0         0.00
parallel33       03:20:53      113.67      113.66        0.00        0.01        0.00        0.00      276.84      0.000      0.000         0         0      4800    343932    0    0         0.00
parallel33       03:20:53      113.76      113.66        0.10        0.01        0.00        0.00      276.84      0.000      0.000         0         0      4800    343932    0    0         0.00
parallel33       03:20:53      113.80      113.60        0.20        0.01        0.00        0.00      276.78      0.000      0.000         0         0      4800    343932    0    0         0.00
parallel33       03:20:53      113.76      113.65        0.06        0.01        0.00        0.00      276.84      0.000      0.000         0         0      4800    343932    0    0         0.00
parallel33       03:20:53      113.80      113.62        0.05        0.01        0.00        0.00      276.84      0.000      0.000         0         0      4800    343932    0    0         0.00
parallel33       03:20:53      113.76      113.66        0.10        0.01        0.00        0.00      276.84      0.000      0.000         0         0      4800    343932    0    0         0.00
parallel33       03:20:53      113.80      113.62        0.09        0.01        0.00        0.00      276.84      0.000      0.000         0         0      4800    343932    0    0         0.00
parallel33       03:20:53      113.76      113.66        0.05        0.01        0.00        0.00      276.84      0.000      0.000         0         0      4800    343932    0    0         0.00
parallel33       03:20:53      113.80      113.66        0.10        0.01        0.00        0.00      276.78      0.000      0.000         0         0      4800    343932    0    0         0.00
parallel33       03:20:53      113.76      113.65        0.10        0.01        0.00        0.00      276.84      0.000      0.000         0         0      4800    343932    0    0         0.00
parallel33       03:20:53      113.76      113.66        0.10        0.01        0.00        0.00      276.84      0.000      0.000         0         0      4800    343932    0    0         0.00
parallel33       03:20:53      113.84      113.62        0.14        0.01        0.00        0.00      276.84      0.000      0.000         0         0      4800    343932    0    0         0.00
parallel33       03:20:53      113.90        0.00        0.06        0.00        0.00        0.00      276.84      0.000      0.000         0         0      4800    343932    0    0         0.00
parallel33       03:20:52      114.70      113.62        0.88        0.01        0.00        0.00      274.98      0.560      0.000       615         1      4800    343932    0    0         0.00
rm               03:22:46        0.00        0.00        0.01        0.00        0.00        0.00        0.00      0.004      0.000         8         0       692      5332    0    0         0.00
omplace          03:20:52      114.77        0.00        0.02        0.00        0.00        0.00       12.76      0.049      0.000        48         1      1656     12740    0    0         0.00
cpuset           03:22:46        0.00        0.00        0.01        0.00        0.00        0.00        0.00      0.004      0.000         9         1       560      8120    0    0         0.00
cpuset           03:22:46        0.00        0.00        0.01        0.00        0.00        0.00        0.00      0.008      0.000        30         1       680      8120    0    0         0.00
expr             03:22:46        0.00        0.00        0.00        0.00        0.00        0.00        5.84      0.004      0.000         8         1       668      5320    0    0         0.00
omplace          03:22:46        0.00        0.00        0.01        0.00        0.00        0.00        0.00      0.000      0.000         0         1       868     12744    0    0  F      0.00
sed              03:22:46        0.00        0.00        0.01        0.00        0.00        0.00        0.00      0.004      0.000        10         1       804      5392    0    0         0.00
omplace          03:22:46        0.00        0.00        0.01        0.00        0.00        0.00        0.00      0.000      0.000         0         0       884     12740    0    0  F      0.00
omplace          03:22:46        0.00        0.00        0.00        0.00        0.00        0.00       12.82      0.000      0.000         0         1       876     12744    0    0  F      0.00
sed              03:22:46        0.00        0.00        0.01        0.00        0.00        0.00        0.00      0.004      0.000        10         1       804      5392    0    0         0.00
omplace          03:22:46        0.00        0.00        0.00        0.00        0.00        0.00       13.08      0.000      0.000         0         0       884     12740    0    0  F      0.00
omplace          03:22:46        0.00        0.00        0.01        0.00        0.00        0.00        0.00      0.000      0.000         0         1       880     12744    0    0  F      0.00
egrep            03:22:46        0.00        0.00        0.00        0.00        0.00        0.00       13.07      0.004      0.000        10         0       820      5368    1    0         0.00
omplace          03:22:46        0.00        0.00        0.01        0.00        0.00        0.00        0.00      0.000      0.000         0         0       888     12740    1    0  F      0.00
omplace          03:22:46        0.00        0.00        0.01        0.00        0.00        0.00        0.00      0.000      0.000         0         1       880     12744    0    0  F      0.00
cut              03:22:46        0.00        0.00        0.01        0.00        0.00        0.00        0.00      0.004      0.000        10         1       712      5332    0    0         0.00
omplace          03:22:46        0.00        0.00        0.01        0.00        0.00        0.00        0.00      0.000      0.000         0         0       892     12740    0    0  F      0.00
omplace          03:22:46        0.00        0.00        0.01        0.00        0.00        0.00        0.00      0.000      0.000         0         1       876     12744    0    0  F      0.00
grep             03:22:46        0.00        0.00        0.01        0.00        0.00        0.00        0.00      0.004      0.000        10         0       816      5520    1    0         0.00
omplace          03:22:46        0.00        0.00        0.00        0.00        0.00        0.00       13.07      0.000      0.000         0         1       880     12744    0    0  F      0.00
cut              03:22:46        0.00        0.00        0.00        0.00        0.00        0.00       12.85      0.004      0.000        10         1       712      5332    0    0         0.00
omplace          03:22:46        0.00        0.00        0.00        0.00        0.00        0.00       13.11      0.000      0.000         0         0       892     12740    0    0  F      0.00
omplace          03:22:46        0.00        0.00        0.01        0.00        0.00        0.00        0.00      0.000      0.000         0         1       880     12744    0    0  F      0.00
cut              03:22:46        0.00        0.00        0.01        0.00        0.00        0.00        0.00      0.004      0.000        10         1       712      5332    0    0         0.00
omplace          03:22:46        0.00        0.00        0.01        0.00        0.00        0.00        0.00      0.000      0.000         0         0       892     12740    0    0  F      0.00
seq              03:22:46        0.00        0.00        0.00        0.00        0.00        0.00       12.98      0.004      0.000         8         1       736      5316    0    0         0.00
omplace          03:22:46        0.00        0.00        0.01        0.00        0.00        0.00        0.00      0.000      0.000         0         0       956     12740    0    0  F      0.00
omplace          03:22:46        0.03        0.00        0.01        0.00        0.00        0.00       13.20      0.000      0.000        14         1      1076     12744    0    0  F      0.00
omplace          03:22:46        0.00        0.00        0.01        0.00        0.00        0.00        0.00      0.000      0.000         0         1       872     12744    0    0  F      0.00
wc               03:22:46        0.00        0.00        0.00        0.00        0.00        0.00        0.02      0.004      0.000        10         1       748      5316    0    0         0.00
omplace          03:22:46        0.00        0.00        0.01        0.00        0.00        0.00        0.00      0.000      0.000         0         0       876     12740    0    0  F      0.00
expr             03:22:46        0.00        0.00        0.01        0.00        0.00        0.00        0.00      0.004      0.000         8         1       668      5320    0    0         0.00
cat              03:22:46        0.00        0.00        0.01        0.00        0.00        0.00        6.47      0.004      0.000        10         2       672      5328    0    0         0.00
expr             03:22:46        0.00        0.00        0.01        0.00        0.00        0.00        0.00      0.004      0.000         8         1       664      5320    0    0         0.00
expr             03:22:46        0.00        0.00        0.01        0.00        0.00        0.00        0.00      0.004      0.000         8         1       664      5320    0    0         0.00
expr             03:22:46        0.00        0.00        0.01        0.00        0.00        0.00        0.00      0.004      0.000         8         1       668      5320    1    0         0.00
cat              03:22:46        0.01        0.00        0.00        0.00        0.00        0.00       13.18      0.004      0.000        12         2       672      5328    0    0         0.00
expr             03:22:46        0.00        0.00        0.01        0.00        0.00        0.00        0.00      0.004      0.000         8         1       664      5320    0    0         0.00
omplace          03:22:46        0.00        0.00        0.01        0.00        0.00        0.00        0.00      0.000      0.000         0         1      1012     12744    0    0  F      0.00
parallel33       03:22:47       79.23       78.78        0.04        0.00        0.00        0.00      502.66      0.000      0.000         0         0      6304    508636    0    0         0.00
parallel33       03:22:47       79.22       78.92        0.00        0.00        0.00        0.00      502.63      0.000      0.000         0         0      6304    508636    0    0         0.00
parallel33       03:22:47       79.22       79.04        0.01        0.00        0.00        0.00      502.65      0.000      0.000         0         0      6304    508636    0    0         0.00
parallel33       03:22:47       79.22       78.78        0.04        0.01        0.00        0.00      502.68      0.000      0.000         0         0      6304    508636    0    0         0.00
parallel33       03:22:47       79.22       78.95        0.06        0.00        0.00        0.00      502.58      0.000      0.000         0         0      6304    508636    0    0         0.00
parallel33       03:22:47       79.22       78.96        0.00        0.00        0.00        0.00      502.53      0.000      0.000         0         0      6304    508636    0    0         0.00
parallel33       03:22:47       79.22       78.78        0.11        0.01        0.00        0.00      502.62      0.000      0.000         0         0      6304    508636    0    0         0.00
parallel33       03:22:47       79.27       78.96        0.02        0.00        0.00        0.00      502.52      0.000      0.000         0         0      6304    508636    0    0         0.00
parallel33       03:22:47       79.27       78.95        0.08        0.00        0.00        0.00      502.65      0.000      0.000         0         0      6304    508636    0    0         0.00
parallel33       03:22:47       79.28       78.96        0.12        0.00        0.00        0.00      502.63      0.000      0.000         0         0      6304    508636    0    0         0.00
parallel33       03:22:47       79.28       78.78        0.06        0.01        0.00        0.00      502.77      0.000      0.000         0         0      6304    508636    0    0         0.00
parallel33       03:22:47       79.31       78.78        0.01        0.01        0.00        0.00      502.75      0.000      0.000         0         0      6304    508636    0    0         0.00
parallel33       03:22:47       79.32       78.78        0.05        0.01        0.00        0.00      502.77      0.000      0.000         0         0      6304    508636    0    0         0.00
parallel33       03:22:47       79.32       78.96        0.08        0.01        0.00        0.00      502.49      0.000      0.000         0         0      6304    508636    0    0         0.00
parallel33       03:22:47       79.32       78.86        0.17        0.00        0.00        0.00      502.56      0.000      0.000         0         0      6304    508636    0    0         0.00
parallel33       03:22:47       79.32       78.78        0.05        0.01        0.00        0.00      502.77      0.000      0.000         0         0      6304    508636    0    0         0.00
parallel33       03:22:47       79.32       78.79        0.10        0.01        0.00        0.00      502.77      0.000      0.000         0         0      6304    508636    0    0         0.00
parallel33       03:22:47       79.32       78.85        0.10        0.00        0.00        0.00      502.74      0.000      0.000         0         0      6304    508636    0    0         0.00
parallel33       03:22:47       79.32       78.95        0.15        0.00        0.00        0.00      502.66      0.000      0.000         0         0      6304    508636    0    0         0.00
parallel33       03:22:47       79.32       78.85        0.12        0.00        0.00        0.00      502.71      0.000      0.000         0         0      6304    508636    0    0         0.00
parallel33       03:22:47       79.32       78.96        0.05        0.00        0.00        0.00      502.70      0.000      0.000         0         0      6304    508636    0    0         0.00
parallel33       03:22:47       79.32       78.95        0.04        0.01        0.00        0.00      502.70      0.000      0.000         0         0      6304    508636    0    0         0.00
parallel33       03:22:47       79.32       78.78        0.06        0.01        0.00        0.00      502.77      0.000      0.000         0         0      6304    508636    0    0         0.00
parallel33       03:22:47       79.38        0.00        0.36        0.00        0.00        0.00      502.78      0.000      0.000         0         0      6304    508636    0    0         0.00
parallel33       03:22:46       80.14       78.78        0.93        0.01        0.00        0.00      498.00      0.560      0.000       615         1      6304    508636    0    0         0.00
rm               03:24:06        0.00        0.00        0.01        0.00        0.00        0.00        0.00      0.004      0.000         8         0       692      5332    0    0         0.00
omplace          03:22:46       80.21        0.01        0.02        0.00        0.00        0.00       13.90      0.049      0.000        48         1      1656     12740    0    0         0.00
cpuset           03:24:06        0.00        0.00        0.00        0.00        0.00        0.00       13.07      0.004      0.000         9         1       556      8120    0    0         0.00
cpuset           03:24:06        0.00        0.00        0.00        0.00        0.00        0.00        0.28      0.008      0.000        30         1       684      8120    0    0         0.00
expr             03:24:06        0.00        0.00        0.01        0.00        0.00        0.00        0.00      0.004      0.000         8         1       668      5320    0    0         0.00
omplace          03:24:06        0.00        0.00        0.01        0.00        0.00        0.00        0.00      0.000      0.000         0         1       868     12744    0    0  F      0.00
sed              03:24:06        0.00        0.00        0.01        0.00        0.00        0.00        0.00      0.004      0.000        10         1       804      5392    0    0         0.00
omplace          03:24:06        0.00        0.00        0.00        0.00        0.00        0.00       12.87      0.000      0.000         0         0       884     12740    0    0  F      0.00
omplace          03:24:06        0.00        0.00        0.00        0.00        0.00        0.00       13.16      0.000      0.000         0         1       876     12744    0    0  F      0.00
sed              03:24:06        0.00        0.00        0.00        0.00        0.00        0.00       12.93      0.004      0.000        10         1       804      5392    0    0         0.00
omplace          03:24:06        0.00        0.00        0.01        0.00        0.00        0.00        0.00      0.000      0.000         0         0       884     12740    0    0  F      0.00
omplace          03:24:06        0.00        0.00        0.01        0.00        0.00        0.00        0.00      0.000      0.000         0         1       880     12744    0    0  F      0.00
egrep            03:24:06        0.00        0.00        0.01        0.00        0.00        0.00        0.00      0.004      0.000        10         0       824      5368    1    0         0.00
omplace          03:24:06        0.00        0.00        0.01        0.00        0.00        0.00        0.00      0.000      0.000         0         0       888     12740    1    0  F      0.00
omplace          03:24:06        0.00        0.00        0.01        0.00        0.00        0.00        0.00      0.000      0.000         0         1       880     12744    0    0  F      0.00
cut              03:24:06        0.00        0.00        0.01        0.00        0.00        0.00        0.00      0.004      0.000        10         1       708      5332    0    0         0.00
omplace          03:24:06        0.00        0.00        0.01        0.00        0.00        0.00        0.00      0.000      0.000         0         0       892     12740    0    0  F      0.00
omplace          03:24:06        0.00        0.00        0.01        0.00        0.00        0.00        0.00      0.000      0.000         0         1       876     12744    0    0  F      0.00
grep             03:24:06        0.00        0.00        0.00        0.00        0.00        0.00        6.05      0.004      0.000        10         0       824      5520    1    0         0.00
omplace          03:24:06        0.00        0.00        0.01        0.00        0.00        0.00        0.00      0.000      0.000         0         1       880     12744    0    0  F      0.00
cut              03:24:06        0.00        0.00        0.01        0.00        0.00        0.00        0.00      0.004      0.000        10         1       712      5332    0    0         0.00
omplace          03:24:06        0.00        0.00        0.00        0.00        0.00        0.00       13.09      0.000      0.000         0         0       892     12740    0    0  F      0.00
omplace          03:24:06        0.00        0.00        0.00        0.00        0.00        0.00       12.88      0.000      0.000         0         1       880     12744    0    0  F      0.00
cut              03:24:06        0.00        0.00        0.01        0.00        0.00        0.00        0.00      0.004      0.000        10         1       712      5332    0    0         0.00
omplace          03:24:06        0.00        0.00        0.00        0.00        0.00        0.00       13.11      0.000      0.000         0         0       892     12740    0    0  F      0.00
seq              03:24:06        0.00        0.00        0.01        0.00        0.00        0.00        0.00      0.004      0.000         8         1       736      5316    0    0         0.00
omplace          03:24:06        0.00        0.00        0.00        0.00        0.00        0.00       13.24      0.000      0.000         0         0       956     12740    0    0  F      0.00
omplace          03:24:06        0.03        0.00        0.01        0.00        0.00        0.00        0.00      0.000      0.000        14         1      1076     12744    0    0  F      0.00
omplace          03:24:06        0.00        0.00        0.01        0.00        0.00        0.00        0.00      0.000      0.000         0         1       872     12744    0    0  F      0.00
wc               03:24:06        0.00        0.00        0.01        0.00        0.00        0.00        0.00      0.004      0.000        10         1       752      5316    0    0         0.00
omplace          03:24:06        0.00        0.00        0.00        0.00        0.00        0.00       13.07      0.000      0.000         0         0       876     12740    0    0  F      0.00
expr             03:24:06        0.00        0.00        0.00        0.00        0.00        0.00       13.22      0.004      0.000         8         1       668      5320    0    0         0.00
cat              03:24:06        0.00        0.00        0.00        0.00        0.00        0.00       13.01      0.004      0.000        10         2       672      5328    0    0         0.00
expr             03:24:06        0.00        0.00        0.00        0.00        0.00        0.00       13.03      0.004      0.000         8         1       668      5320    0    0         0.00
expr             03:24:06        0.00        0.00        0.00        0.00        0.00        0.00        0.02      0.004      0.000         8         1       664      5320    0    0         0.00
expr             03:24:06        0.00        0.00        0.00        0.00        0.00        0.00       13.20      0.004      0.000         8         1       668      5320    1    0         0.00
cat              03:24:06        0.01        0.00        0.01        0.00        0.00        0.00        0.00      0.004      0.000        12         2       676      5328    0    0         0.00
expr             03:24:06        0.00        0.00        0.01        0.00        0.00        0.00        0.00      0.004      0.000         8         1       668      5320    0    0         0.00
omplace          03:24:06        0.00        0.00        0.01        0.00        0.00        0.00        0.00      0.000      0.000         0         1      1012     12744    0    0  F      0.00
parallel33       03:24:07       17.02        0.00        0.65        0.00        0.00        0.00      580.20      0.000      0.000         0         0      7768    673528    0    0         0.00
parallel33       03:24:07       17.06       16.94        0.07        0.00        0.00        0.00      600.84      0.000      0.000         0         0      7768    673528    0    0         0.00
parallel33       03:24:07       17.05       16.93        0.08        0.00        0.00        0.00      600.86      0.000      0.000         0         0      7768    673528    0    0         0.00
parallel33       03:24:07       17.06       16.94        0.06        0.00        0.00        0.00      601.24      0.000      0.000         0         0      7768    673528    0    0         0.00
parallel33       03:24:07       17.06       16.95        0.06        0.00        0.00        0.00      601.21      0.000      0.000         0         0      7768    673528    0    0         0.00
parallel33       03:24:07       17.06       16.93        0.02        0.00        0.00        0.00      601.22      0.000      0.000         0         0      7768    673528    0    0         0.00
parallel33       03:24:07       17.06       16.95        0.06        0.00        0.00        0.00      601.13      0.000      0.000         0         0      7768    673528    0    0         0.00
parallel33       03:24:07       17.06       16.95        0.06        0.00        0.00        0.00      601.13      0.000      0.000         0         0      7768    673528    0    0         0.00
parallel33       03:24:07       17.06       16.93        0.09        0.00        0.00        0.00      600.69      0.000      0.000         0         0      7768    673528    0    0         0.00
parallel33       03:24:07       17.06       16.95        0.01        0.00        0.00        0.00      601.21      0.000      0.000         0         0      7768    673528    0    0         0.00
parallel33       03:24:07       17.08       16.95        0.02        0.00        0.00        0.00      601.21      0.000      0.000         0         0      7768    673528    0    0         0.00
parallel33       03:24:07       17.08       16.95        0.02        0.00        0.00        0.00      601.13      0.000      0.000         0         0      7768    673528    0    0         0.00
parallel33       03:24:07       17.07       16.94        0.02        0.00        0.00        0.00      601.24      0.000      0.000         0         0      7768    673528    0    0         0.00
parallel33       03:24:07       17.07       16.95        0.02        0.00        0.00        0.00      601.21      0.000      0.000         0         0      7768    673528    0    0         0.00
parallel33       03:24:07       17.08       16.94        0.10        0.00        0.00        0.00      600.55      0.000      0.000         0         0      7768    673528    0    0         0.00
parallel33       03:24:07       17.07       16.93        0.07        0.00        0.00        0.00      601.22      0.000      0.000         0         0      7768    673528    0    0         0.00
parallel33       03:24:07       17.08       16.95        0.07        0.01        0.00        0.00      601.21      0.000      0.000         0         0      7768    673528    0    0         0.00
parallel33       03:24:07       17.07       16.93        0.10        0.00        0.00        0.00      600.66      0.000      0.000         0         0      7768    673528    0    0         0.00
parallel33       03:24:07       17.08       16.95        0.02        0.00        0.00        0.00      601.21      0.000      0.000         0         0      7768    673528    0    0         0.00
parallel33       03:24:07       17.07       16.93        0.05        0.00        0.00        0.00      600.69      0.000      0.000         0         0      7768    673528    0    0         0.00
parallel33       03:24:07       17.07       16.95        0.02        0.00        0.00        0.00      601.21      0.000      0.000         0         0      7768    673528    0    0         0.00
parallel33       03:24:07       17.08       16.93        0.09        0.00        0.00        0.00      600.86      0.000      0.000         0         0      7768    673528    0    0         0.00
parallel33       03:24:07       17.08       16.95        0.08        0.00        0.00        0.00      601.13      0.000      0.000         0         0      7768    673528    0    0         0.00
parallel33       03:24:07       17.08       16.93        0.04        0.00        0.00        0.00      600.86      0.000      0.000         0         0      7768    673528    0    0         0.00
parallel33       03:24:07       17.07       16.93        0.04        0.01        0.00        0.00      600.61      0.000      0.000         0         0      7768    673528    0    0         0.00
parallel33       03:24:07       17.07       16.93        0.02        0.00        0.00        0.00      601.24      0.000      0.000         0         0      7768    673528    0    0         0.00
parallel33       03:24:07       17.08       16.95        0.07        0.01        0.00        0.00      601.21      0.000      0.000         0         0      7768    673528    0    0         0.00
parallel33       03:24:07       17.08       16.95        0.07        0.00        0.00        0.00      601.21      0.000      0.000         0         0      7768    673528    0    0         0.00
parallel33       03:24:07       17.07       16.93        0.02        0.00        0.00        0.00      601.24      0.000      0.000         0         0      7768    673528    0    0         0.00
parallel33       03:24:07       17.08       16.95        0.07        0.00        0.00        0.00      601.21      0.000      0.000         0         0      7768    673528    0    0         0.00
parallel33       03:24:07       17.08       16.95        0.07        0.00        0.00        0.00      601.21      0.000      0.000         0         0      7768    673528    0    0         0.00
parallel33       03:24:07       17.08       16.95        0.02        0.00        0.00        0.00      601.21      0.000      0.000         0         0      7768    673528    0    0         0.00
parallel33       03:24:07       17.92       16.97        0.80        0.00        0.00        0.00      575.74      0.560      0.000       615         1      7768    673528    0    0         0.00
rm               03:24:24        0.00        0.00        0.00        0.00        0.00        0.00       12.94      0.004      0.000         8         0       688      5332    0    0         0.00
omplace          03:24:07       18.00        0.00        0.01        0.00        0.00        0.00       14.02      0.049      0.000        48         1      1656     12740    0    0         0.00


Job CSA Accounting - Summary Report
====================================

Job Accounting File Name         : /tmp/.jacct8888
Operating System                 : Linux bl1.psc.teragrid.org 2.6.32.29-0.3.1.2687.3.PTF-default #1 SMP 2011-02-25 13:36:59 +0100 x86_64
User Name (ID)                   : bparr (45460)
Group Name (ID)                  : ac3bdhp (13825)
Project Name (ID)                : ? (0)
Job ID                           : 0x8888
Report Starts                    : 04/21/11 03:06:54
Report Ends                      : 04/21/11 03:24:24
Elapsed Time                     :         1050      Seconds
User CPU Time                    :         6213.5120 Seconds
System CPU Time                  :           14.4070 Seconds
CPU Time Core Memory Integral    :        28237.2580 Mbyte-seconds
CPU Time Virtual Memory Integral :      1941469.8785 Mbyte-seconds
Maximum Core Memory Used         :            7.5859 Mbytes
Maximum Virtual Memory Used      :          657.7422 Mbytes
Characters Read                  :            4.3210 Mbytes
Characters Written               :            0.1003 Mbytes
Logical I/O Read Requests        :         5347
Logical I/O Write Requests       :          194
CPU Delay                        :            0.4993 Seconds
Block I/O Delay                  :            0.0000 Seconds
Swap In Delay                    :            0.0000 Seconds
Number of Commands               :          329
System Billing Units             :            0.0000
