module: Command not found.
ja
cd /bessemer/bparr
cp /usr/users/0/bparr/kenken/parallel parallel75
cp /usr/users/0/bparr/kenken/input/75minutes.txt p75minutes.txt
setenv OMP_NUM_THREADS 32
omplace -nt 32 ./parallel75 32 p75minutes.txt
4 3 7 5 6 1 8 9 10 2
10 9 3 8 5 6 4 2 1 7
7 10 5 9 3 4 2 1 8 6
2 7 6 3 4 8 9 10 5 1
6 5 10 7 2 3 1 8 9 4
3 1 8 10 9 2 7 6 4 5
9 2 1 4 8 5 3 7 6 10
1 6 4 2 7 9 10 5 3 8
5 8 9 1 10 7 6 4 2 3
8 4 2 6 1 10 5 3 7 9
Nodes Visited: 3777792780
Computation Time = 117618.073 millisecs
      Total Time = 117890.323 millisecs
ja -chlst


Job Accounting - Command Report
===============================

    Command       Started    Elapsed    User CPU    Sys CPU       CPU      Block I/O    Swap In      CPU MEM        Characters           Logical I/O      CoreMem   VirtMem   Ex
     Name           At       Seconds    Seconds     Seconds    Delay Secs  Delay Secs  Delay Secs  Avg Mbytes     Read     Written     Read      Write    HiValue   HiValue   St   Ni  Fl   SBU's 
===============  ========  ==========  ==========  ==========  ==========  ==========  ==========  ==========  =========  =========  ========  ========  ========  ========  ===  ===  ==  =======
# CFG   ON(    1) (    7)  01:09:27 04/21/2011  System:  Linux bl0.psc.teragrid.org 2.6.32.29-0.3.1.2687.3.PTF-default #1 SMP 2011-02-25 13:36:59 +0100 x86_64
ja               01:09:27        0.01        0.00        0.00        0.00        0.00        0.00       18.59      0.019      0.000        19         4      1060     23756    0    0         0.00
cp               01:09:28        0.16        0.00        0.02        0.00        0.00        0.00       12.36      0.102      0.093        18         2       964     15816    0    0         0.00
cp               01:09:28        0.17        0.00        0.02        0.00        0.00        0.00       14.35      0.010      0.001        18         2       872     15816    0    0         0.00
cpuset           01:09:28        0.00        0.00        0.00        0.00        0.00        0.00        8.23      0.004      0.000         9         1       564      8104    0    0         0.00
cpuset           01:09:28        0.00        0.00        0.01        0.00        0.00        0.00        0.00      0.008      0.000        30         1       684      8104    0    0         0.00
expr             01:09:28        0.00        0.00        0.00        0.00        0.00        0.00       13.12      0.004      0.000         8         1       664      5316    0    0         0.00
omplace          01:09:28        0.00        0.00        0.01        0.00        0.00        0.00        0.00      0.000      0.000         0         1       864     12740    0    0  F      0.00
sed              01:09:28        0.00        0.00        0.01        0.00        0.00        0.00        0.00      0.004      0.000        10         1       800      5388    0    0         0.00
omplace          01:09:28        0.01        0.00        0.01        0.00        0.00        0.00        0.00      0.000      0.000         0         0       880     12736    0    0  F      0.00
omplace          01:09:28        0.00        0.00        0.01        0.00        0.00        0.00        0.00      0.000      0.000         0         1       872     12740    0    0  F      0.00
sed              01:09:28        0.00        0.00        0.00        0.00        0.00        0.00       13.15      0.004      0.000        10         1       808      5388    0    0         0.00
omplace          01:09:28        0.01        0.00        0.00        0.00        0.00        0.00       13.11      0.000      0.000         0         0       880     12736    0    0  F      0.00
omplace          01:09:28        0.00        0.00        0.01        0.00        0.00        0.00        0.00      0.000      0.000         0         1       876     12740    0    0  F      0.00
egrep            01:09:28        0.00        0.00        0.00        0.00        0.00        0.00        0.02      0.004      0.000        10         0       824      5364    1    0         0.00
omplace          01:09:28        0.01        0.00        0.00        0.00        0.00        0.00       13.11      0.000      0.000         0         0       884     12736    1    0  F      0.00
omplace          01:09:28        0.00        0.00        0.00        0.00        0.00        0.00       13.09      0.000      0.000         0         1       876     12740    0    0  F      0.00
cut              01:09:28        0.00        0.00        0.00        0.00        0.00        0.00       12.82      0.004      0.000        10         1       712      5328    0    0         0.00
omplace          01:09:28        0.01        0.00        0.01        0.00        0.00        0.00       13.11      0.000      0.000         0         0       888     12736    0    0  F      0.00
omplace          01:09:28        0.00        0.00        0.01        0.00        0.00        0.00        0.00      0.000      0.000         0         1       872     12740    0    0  F      0.00
grep             01:09:28        0.00        0.00        0.00        0.00        0.00        0.00       13.01      0.004      0.000        10         0       824      5516    1    0         0.00
omplace          01:09:28        0.00        0.00        0.01        0.00        0.00        0.00        0.00      0.000      0.000         0         1       876     12740    0    0  F      0.00
cut              01:09:28        0.00        0.00        0.01        0.00        0.00        0.00        0.00      0.004      0.000        10         1       712      5328    0    0         0.00
omplace          01:09:28        0.01        0.00        0.01        0.00        0.00        0.00       12.98      0.000      0.000         0         0       888     12736    0    0  F      0.00
omplace          01:09:28        0.00        0.00        0.01        0.00        0.00        0.00        0.00      0.000      0.000         0         1       876     12740    0    0  F      0.00
cut              01:09:28        0.00        0.00        0.00        0.00        0.00        0.00        0.39      0.004      0.000        10         1       712      5328    0    0         0.00
omplace          01:09:28        0.01        0.00        0.00        0.00        0.00        0.00       13.11      0.000      0.000         0         0       888     12736    0    0  F      0.00
seq              01:09:28        0.00        0.00        0.01        0.00        0.00        0.00        0.00      0.004      0.000         8         1       736      5312    0    0         0.00
omplace          01:09:28        0.01        0.00        0.01        0.00        0.00        0.00       13.25      0.000      0.000         0         0       952     12736    0    0  F      0.00
omplace          01:09:28        0.09        0.00        0.04        0.00        0.00        0.00       13.20      0.000      0.000        14         1      1072     12740    0    0  F      0.00
omplace          01:09:28        0.00        0.00        0.01        0.00        0.00        0.00        0.00      0.000      0.000         0         1       868     12740    0    0  F      0.00
wc               01:09:28        0.00        0.00        0.00        0.00        0.00        0.00        0.02      0.004      0.000        10         1       756      5312    0    0         0.00
omplace          01:09:28        0.01        0.00        0.00        0.00        0.00        0.00       13.10      0.000      0.000         0         0       872     12736    0    0  F      0.00
expr             01:09:28        0.00        0.00        0.01        0.00        0.00        0.00        0.00      0.004      0.000         8         1       664      5316    0    0         0.00
cat              01:09:28        0.01        0.00        0.01        0.00        0.00        0.00        6.51      0.004      0.000        10         2       676      5324    0    0         0.00
expr             01:09:28        0.00        0.00        0.00        0.00        0.00        0.00        4.23      0.004      0.000         8         1       668      5316    0    0         0.00
expr             01:09:28        0.00        0.00        0.00        0.00        0.00        0.00        4.05      0.004      0.000         8         1       668      5316    0    0         0.00
expr             01:09:28        0.00        0.00        0.01        0.00        0.00        0.00        0.00      0.004      0.000         8         1       668      5316    1    0         0.00
cat              01:09:28        0.01        0.00        0.01        0.00        0.00        0.00       13.18      0.004      0.000        12         2       676      5324    0    0         0.00
expr             01:09:28        0.00        0.00        0.00        0.00        0.00        0.00        0.27      0.004      0.000         8         1       668      5316    0    0         0.00
omplace          01:09:28        0.00        0.00        0.00        0.00        0.00        0.00       13.12      0.000      0.000         0         1      1008     12740    0    0  F      0.00
parallel75       01:09:30      117.65      117.46        0.03        0.01        0.00        0.00      601.03      0.000      0.000         0         0      7848    673256    0    0         0.00
parallel75       01:09:30      117.73      117.50        0.03        0.01        0.00        0.00      600.96      0.000      0.000         0         0      7848    673256    0    0         0.00
parallel75       01:09:30      117.68      117.48        0.04        0.01        0.00        0.00      600.98      0.000      0.000         0         0      7848    673256    0    0         0.00
parallel75       01:09:30      117.66      117.51        0.04        0.01        0.00        0.00      600.95      0.000      0.000         0         0      7848    673256    0    0         0.00
parallel75       01:09:30      117.66      117.50        0.04        0.01        0.00        0.00      601.01      0.000      0.000         0         0      7848    673256    0    0         0.00
parallel75       01:09:30      117.66      117.48        0.04        0.01        0.00        0.00      601.02      0.000      0.000         0         0      7848    673256    0    0         0.00
parallel75       01:09:30      117.66      117.50        0.03        0.01        0.00        0.00      601.01      0.000      0.000         0         0      7848    673256    0    0         0.00
parallel75       01:09:30      117.66      117.47        0.04        0.01        0.00        0.00      601.02      0.000      0.000         0         0      7848    673256    0    0         0.00
parallel75       01:09:30      117.67      117.52        0.04        0.01        0.00        0.00      601.00      0.000      0.000         0         0      7848    673256    0    0         0.00
parallel75       01:09:30      117.66      117.50        0.04        0.01        0.00        0.00      601.00      0.000      0.000         0         0      7848    673256    0    0         0.00
parallel75       01:09:30      117.65      117.52        0.05        0.01        0.00        0.00      600.97      0.000      0.000         0         0      7848    673256    0    0         0.00
parallel75       01:09:30      117.67      117.47        0.02        0.01        0.00        0.00      601.03      0.000      0.000         0         0      7848    673256    0    0         0.00
parallel75       01:09:30      117.66      117.51        0.03        0.01        0.00        0.00      600.95      0.000      0.000         0         0      7848    673256    0    0         0.00
parallel75       01:09:30      117.66      117.47        0.03        0.01        0.00        0.00      601.03      0.000      0.000         0         0      7848    673256    0    0         0.00
parallel75       01:09:30      117.68      117.47        0.05        0.01        0.00        0.00      600.98      0.000      0.000         0         0      7848    673256    0    0         0.00
parallel75       01:09:30      117.67      117.46        0.04        0.01        0.00        0.00      601.00      0.000      0.000         0         0      7848    673256    0    0         0.00
parallel75       01:09:30      117.66      117.50        0.04        0.01        0.00        0.00      600.98      0.000      0.000         0         0      7848    673256    0    0         0.00
parallel75       01:09:30      117.73      117.48        0.06        0.01        0.00        0.00      600.98      0.000      0.000         0         0      7848    673256    0    0         0.00
parallel75       01:09:30      117.67      117.47        0.04        0.01        0.00        0.00      601.02      0.000      0.000         0         0      7848    673256    0    0         0.00
parallel75       01:09:30      117.67      117.46        0.04        0.01        0.00        0.00      601.02      0.000      0.000         0         0      7848    673256    0    0         0.00
parallel75       01:09:30      117.67      117.46        0.04        0.01        0.00        0.00      601.03      0.000      0.000         0         0      7848    673256    0    0         0.00
parallel75       01:09:30      117.67      117.56        0.06        0.01        0.00        0.00      600.93      0.000      0.000         0         0      7848    673256    0    0         0.00
parallel75       01:09:30      117.67      117.52        0.04        0.01        0.00        0.00      601.00      0.000      0.000         0         0      7848    673256    0    0         0.00
parallel75       01:09:30      117.67      117.48        0.05        0.01        0.00        0.00      600.99      0.000      0.000         0         0      7848    673256    0    0         0.00
parallel75       01:09:30      117.67      117.51        0.04        0.01        0.00        0.00      600.96      0.000      0.000         0         0      7848    673256    0    0         0.00
parallel75       01:09:30      117.71      117.47        0.06        0.01        0.00        0.00      600.97      0.000      0.000         0         0      7848    673256    0    0         0.00
parallel75       01:09:30      117.70      117.56        0.04        0.01        0.00        0.00      600.84      0.000      0.000         0         0      7848    673256    0    0         0.00
parallel75       01:09:30      117.75      117.51        0.04        0.01        0.00        0.00      600.96      0.000      0.000         0         0      7848    673256    0    0         0.00
parallel75       01:09:30      117.68      117.46        0.03        0.01        0.00        0.00      601.03      0.000      0.000         0         0      7848    673256    0    0         0.00
parallel75       01:09:30      117.67      117.46        0.04        0.01        0.00        0.00      601.03      0.000      0.000         0         0      7848    673256    0    0         0.00
parallel75       01:09:30      117.67      117.49        0.05        0.01        0.00        0.00      600.97      0.000      0.000         0         0      7848    673256    0    0         0.00
parallel75       01:09:30      117.84        0.00        0.00        0.00        0.00        0.00      600.98      0.000      0.000         0         0      7848    673256    0    0         0.00
parallel75       01:09:29      118.98      117.57        0.89        0.01        0.00        0.00      596.55      0.548      0.000       612         1      7848    673256    0    0         0.00
rm               01:11:27        0.00        0.00        0.00        0.00        0.00        0.00        5.87      0.004      0.000         8         0       688      5328    0    0         0.00
omplace          01:09:28      119.21        0.00        0.06        0.00        0.00        0.00       13.09      0.049      0.000        48         1      1656     12736    0    0         0.00


Job CSA Accounting - Summary Report
====================================

Job Accounting File Name         : /tmp/.jacct885c
Operating System                 : Linux bl0.psc.teragrid.org 2.6.32.29-0.3.1.2687.3.PTF-default #1 SMP 2011-02-25 13:36:59 +0100 x86_64
User Name (ID)                   : bparr (45460)
Group Name (ID)                  : ac3bdhp (13825)
Project Name (ID)                : ? (0)
Job ID                           : 0x885c
Report Starts                    : 04/21/11 01:09:27
Report Ends                      : 04/21/11 01:11:27
Elapsed Time                     :          120      Seconds
User CPU Time                    :         3759.8040 Seconds
System CPU Time                  :            2.4540 Seconds
CPU Time Core Memory Integral    :        28391.3110 Mbyte-seconds
CPU Time Virtual Memory Integral :      2231963.6678 Mbyte-seconds
Maximum Core Memory Used         :            7.6641 Mbytes
Maximum Virtual Memory Used      :          657.4766 Mbytes
Characters Read                  :            0.8178 Mbytes
Characters Written               :            0.0948 Mbytes
Logical I/O Read Requests        :          934
Logical I/O Write Requests       :           39
CPU Delay                        :            0.2776 Seconds
Block I/O Delay                  :            0.0002 Seconds
Swap In Delay                    :            0.0000 Seconds
Number of Commands               :           75
System Billing Units             :            0.0000
