module: Command not found.
ja
cd /bessemer/bparr
cp /usr/users/0/bparr/kenken/parallel parallel27
cp /usr/users/0/bparr/kenken/input/27minutes.txt p27minutes.txt
setenv OMP_NUM_THREADS 32
omplace -nt 32 ./parallel27 32 p27minutes.txt
4 8 5 6 11 2 1 10 7 9 3
8 3 7 1 10 9 2 6 4 11 5
2 9 6 8 7 11 3 4 1 5 10
9 5 1 3 4 10 8 7 2 6 11
1 2 10 4 5 3 11 8 6 7 9
5 7 2 11 8 6 10 3 9 4 1
7 4 9 10 3 1 6 11 5 8 2
3 11 4 2 6 5 9 1 8 10 7
6 10 3 5 2 4 7 9 11 1 8
11 6 8 9 1 7 5 2 10 3 4
10 1 11 7 9 8 4 5 3 2 6
Nodes Visited: 263327946
Computation Time = 6850.687 millisecs
      Total Time = 7141.798 millisecs
ja -chlst


Job Accounting - Command Report
===============================

    Command       Started    Elapsed    User CPU    Sys CPU       CPU      Block I/O    Swap In      CPU MEM        Characters           Logical I/O      CoreMem   VirtMem   Ex
     Name           At       Seconds    Seconds     Seconds    Delay Secs  Delay Secs  Delay Secs  Avg Mbytes     Read     Written     Read      Write    HiValue   HiValue   St   Ni  Fl   SBU's 
===============  ========  ==========  ==========  ==========  ==========  ==========  ==========  ==========  =========  =========  ========  ========  ========  ========  ===  ===  ==  =======
# CFG   ON(    1) (    7)  00:57:08 04/21/2011  System:  Linux bl0.psc.teragrid.org 2.6.32.29-0.3.1.2687.3.PTF-default #1 SMP 2011-02-25 13:36:59 +0100 x86_64
ja               00:57:08        0.01        0.00        0.00        0.00        0.00        0.00       23.72      0.019      0.000        19         4      1060     23756    0    0         0.00
cp               00:57:08        0.17        0.00        0.02        0.00        0.00        0.00        9.98      0.102      0.093        18         2       964     15816    0    0         0.00
cp               00:57:08        0.16        0.00        0.01        0.00        0.00        0.00       13.71      0.011      0.001        18         2       876     15816    0    0         0.00
cpuset           00:57:08        0.00        0.00        0.00        0.00        0.00        0.00        4.73      0.004      0.000         9         1       556      8104    0    0         0.00
cpuset           00:57:08        0.00        0.00        0.00        0.00        0.00        0.00        0.39      0.008      0.000        30         1       684      8104    0    0         0.00
expr             00:57:08        0.00        0.00        0.00        0.00        0.00        0.00        0.38      0.004      0.000         8         1       664      5316    0    0         0.00
omplace          00:57:08        0.00        0.00        0.00        0.00        0.00        0.00       13.19      0.000      0.000         0         1       864     12740    0    0  F      0.00
sed              00:57:08        0.01        0.00        0.00        0.00        0.00        0.00        0.34      0.004      0.000        10         1       808      5388    0    0         0.00
omplace          00:57:08        0.01        0.00        0.01        0.00        0.00        0.00       13.10      0.000      0.000         0         0       880     12736    0    0  F      0.00
omplace          00:57:08        0.00        0.00        0.01        0.00        0.00        0.00        0.00      0.000      0.000         0         1       872     12740    0    0  F      0.00
sed              00:57:08        0.01        0.00        0.01        0.00        0.00        0.00        0.00      0.004      0.000        10         1       804      5388    0    0         0.00
omplace          00:57:08        0.02        0.00        0.02        0.00        0.00        0.00       13.03      0.000      0.000         0         0       880     12736    0    0  F      0.00
omplace          00:57:08        0.00        0.00        0.01        0.00        0.00        0.00        0.00      0.000      0.000         0         1       876     12740    0    0  F      0.00
egrep            00:57:08        0.01        0.00        0.00        0.00        0.00        0.00       13.09      0.004      0.000        10         0       824      5364    1    0         0.00
omplace          00:57:08        0.01        0.00        0.01        0.00        0.00        0.00       13.09      0.000      0.000         0         0       884     12736    1    0  F      0.00
omplace          00:57:08        0.00        0.00        0.01        0.00        0.00        0.00        0.00      0.000      0.000         0         1       876     12740    0    0  F      0.00
cut              00:57:08        0.01        0.00        0.00        0.00        0.00        0.00        3.07      0.004      0.000        10         1       716      5328    0    0         0.00
omplace          00:57:08        0.01        0.00        0.01        0.00        0.00        0.00       13.10      0.000      0.000         0         0       888     12736    0    0  F      0.00
omplace          00:57:08        0.00        0.00        0.01        0.00        0.00        0.00        0.00      0.000      0.000         0         1       872     12740    0    0  F      0.00
grep             00:57:08        0.01        0.00        0.00        0.00        0.00        0.00        0.02      0.004      0.000        10         0       820      5516    1    0         0.00
omplace          00:57:08        0.00        0.00        0.01        0.00        0.00        0.00        0.00      0.000      0.000         0         1       876     12740    0    0  F      0.00
cut              00:57:08        0.00        0.00        0.00        0.00        0.00        0.00        0.28      0.004      0.000        10         1       712      5328    0    0         0.00
omplace          00:57:08        0.01        0.00        0.01        0.00        0.00        0.00       13.10      0.000      0.000         0         0       888     12736    0    0  F      0.00
omplace          00:57:08        0.00        0.00        0.01        0.00        0.00        0.00        0.00      0.000      0.000         0         1       876     12740    0    0  F      0.00
cut              00:57:08        0.00        0.00        0.01        0.00        0.00        0.00        0.00      0.004      0.000        10         1       712      5328    0    0         0.00
omplace          00:57:08        0.01        0.00        0.00        0.00        0.00        0.00       13.11      0.000      0.000         0         0       888     12736    0    0  F      0.00
seq              00:57:08        0.01        0.00        0.00        0.00        0.00        0.00        0.27      0.004      0.000         8         1       736      5312    0    0         0.00
omplace          00:57:08        0.01        0.00        0.01        0.00        0.00        0.00       13.25      0.000      0.000         0         0       952     12736    0    0  F      0.00
omplace          00:57:08        0.14        0.00        0.02        0.00        0.00        0.00       13.20      0.000      0.000        14         1      1072     12740    0    0  F      0.00
omplace          00:57:08        0.00        0.00        0.01        0.00        0.00        0.00        0.00      0.000      0.000         0         1       868     12740    0    0  F      0.00
wc               00:57:09        0.01        0.00        0.01        0.00        0.00        0.00        0.27      0.004      0.000        10         1       752      5312    0    0         0.00
omplace          00:57:09        0.02        0.00        0.01        0.00        0.00        0.00       13.10      0.000      0.000         0         0       872     12736    0    0  F      0.00
expr             00:57:09        0.00        0.00        0.01        0.00        0.00        0.00        0.00      0.004      0.000         8         1       664      5316    0    0         0.00
cat              00:57:09        0.01        0.00        0.01        0.00        0.00        0.00        0.00      0.004      0.000        10         2       680      5324    0    0         0.00
expr             00:57:09        0.00        0.00        0.00        0.00        0.00        0.00       13.25      0.004      0.000         8         1       668      5316    0    0         0.00
expr             00:57:09        0.00        0.00        0.00        0.00        0.00        0.00       13.17      0.004      0.000         8         1       668      5316    0    0         0.00
expr             00:57:09        0.00        0.00        0.00        0.00        0.00        0.00       13.16      0.004      0.000         8         1       664      5316    1    0         0.00
cat              00:57:09        0.02        0.00        0.00        0.00        0.00        0.00        8.64      0.004      0.000        12         2       672      5324    0    0         0.00
expr             00:57:09        0.00        0.00        0.01        0.00        0.00        0.00        0.00      0.004      0.000         8         1       668      5316    0    0         0.00
omplace          00:57:09        0.00        0.00        0.01        0.00        0.00        0.00        0.00      0.000      0.000         0         1      1008     12740    0    0  F      0.00
parallel27       00:57:11        6.87        6.66        0.03        0.00        0.00        0.00      665.53      0.000      0.000         0         0      8624    673224    0    0         0.00
parallel27       00:57:11        6.93        6.75        0.02        0.00        0.00        0.00      664.53      0.000      0.000         0         0      8624    673224    0    0         0.00
parallel27       00:57:11        6.94        6.77        0.02        0.00        0.00        0.00      663.91      0.000      0.000         0         0      8624    673224    0    0         0.00
parallel27       00:57:11        6.91        6.65        0.03        0.00        0.00        0.00      664.62      0.000      0.000         0         0      8624    673224    0    0         0.00
parallel27       00:57:11        6.89        6.67        0.02        0.00        0.00        0.00      665.69      0.000      0.000         0         0      8624    673224    0    0         0.00
parallel27       00:57:11        6.88        6.74        0.02        0.00        0.00        0.00      665.32      0.000      0.000         0         0      8624    673224    0    0         0.00
parallel27       00:57:10        7.00        0.00        0.01        0.00        0.00        0.00        0.13      0.000      0.000         0         0      8624    673224    0    0         0.00
parallel27       00:57:11        6.92        6.67        0.04        0.00        0.00        0.00      665.50      0.000      0.000         0         0      8624    673224    0    0         0.00
parallel27       00:57:11        6.89        6.65        0.04        0.00        0.00        0.00      665.66      0.000      0.000         0         0      8624    673224    0    0         0.00
parallel27       00:57:11        6.97        6.67        0.03        0.00        0.00        0.00      665.09      0.000      0.000         0         0      8624    673224    0    0         0.00
parallel27       00:57:11        6.92        6.69        0.02        0.00        0.00        0.00      663.73      0.000      0.000         0         0      8624    673224    0    0         0.00
parallel27       00:57:11        6.92        6.75        0.04        0.00        0.00        0.00      664.67      0.000      0.000         0         0      8624    673224    0    0         0.00
parallel27       00:57:11        6.91        6.65        0.04        0.00        0.00        0.00      665.74      0.000      0.000         0         0      8624    673224    0    0         0.00
parallel27       00:57:11        6.94        6.67        0.04        0.00        0.00        0.00      665.41      0.000      0.000         0         0      8624    673224    0    0         0.00
parallel27       00:57:10        7.02        6.71        0.03        0.00        0.00        0.00      662.55      0.000      0.000         0         0      8624    673224    0    0         0.00
parallel27       00:57:11        6.97        6.80        0.04        0.00        0.00        0.00      662.77      0.000      0.000         0         0      8624    673224    0    0         0.00
parallel27       00:57:11        6.93        6.65        0.05        0.00        0.00        0.00      664.81      0.000      0.000         0         0      8624    673224    0    0         0.00
parallel27       00:57:11        6.94        6.67        0.04        0.00        0.00        0.00      664.47      0.000      0.000         0         0      8624    673224    0    0         0.00
parallel27       00:57:11        6.91        6.72        0.04        0.00        0.00        0.00      665.37      0.000      0.000         0         0      8624    673224    0    0         0.00
parallel27       00:57:11        6.94        6.68        0.04        0.00        0.00        0.00      663.85      0.000      0.000         0         0      8624    673224    0    0         0.00
parallel27       00:57:11        6.93        6.67        0.05        0.00        0.00        0.00      664.08      0.000      0.000         0         0      8624    673224    0    0         0.00
parallel27       00:57:10        7.02        6.65        0.04        0.01        0.00        0.00      664.41      0.000      0.000         0         0      8624    673224    0    0         0.00
parallel27       00:57:11        6.91        6.76        0.04        0.00        0.00        0.00      664.90      0.000      0.000         0         0      8624    673224    0    0         0.00
parallel27       00:57:11        6.91        6.76        0.04        0.00        0.00        0.00      664.94      0.000      0.000         0         0      8624    673224    0    0         0.00
parallel27       00:57:11        6.93        6.70        0.04        0.00        0.00        0.00      665.60      0.000      0.000         0         0      8624    673224    0    0         0.00
parallel27       00:57:11        6.93        6.71        0.04        0.00        0.00        0.00      665.45      0.000      0.000         0         0      8624    673224    0    0         0.00
parallel27       00:57:11        6.91        6.71        0.05        0.00        0.00        0.00      665.52      0.000      0.000         0         0      8624    673224    0    0         0.00
parallel27       00:57:11        6.92        6.66        0.04        0.00        0.00        0.00      665.74      0.000      0.000         0         0      8624    673224    0    0         0.00
parallel27       00:57:11        6.93        6.71        0.04        0.00        0.00        0.00      665.52      0.000      0.000         0         0      8624    673224    0    0         0.00
parallel27       00:57:11        6.92        6.71        0.05        0.00        0.00        0.00      665.44      0.000      0.000         0         0      8624    673224    0    0         0.00
parallel27       00:57:11        6.93        6.65        0.06        0.00        0.00        0.00      665.58      0.000      0.000         0         0      8624    673224    0    0         0.00
parallel27       00:57:11        6.92        6.68        0.05        0.00        0.00        0.00      665.53      0.000      0.000         0         0      8624    673224    0    0         0.00
parallel27       00:57:09        8.16        6.74        0.92        0.01        0.00        0.00      586.11      0.548      0.000       612         1      8624    673224    0    0         0.00
rm               00:57:17        0.00        0.00        0.00        0.00        0.00        0.00       12.98      0.004      0.000         8         0       688      5328    0    0         0.00
omplace          00:57:09        8.46        0.01        0.04        0.00        0.00        0.00       13.96      0.049      0.000        48         1      1656     12736    0    0         0.00


Job CSA Accounting - Summary Report
====================================

Job Accounting File Name         : /tmp/.jacct885a
Operating System                 : Linux bl0.psc.teragrid.org 2.6.32.29-0.3.1.2687.3.PTF-default #1 SMP 2011-02-25 13:36:59 +0100 x86_64
User Name (ID)                   : bparr (45460)
Group Name (ID)                  : ac3bdhp (13825)
Project Name (ID)                : ? (0)
Job ID                           : 0x885a
Report Starts                    : 04/21/11 00:57:08
Report Ends                      : 04/21/11 00:57:17
Elapsed Time                     :            9      Seconds
User CPU Time                    :          214.3680 Seconds
System CPU Time                  :            2.4580 Seconds
CPU Time Core Memory Integral    :         1784.5482 Mbyte-seconds
CPU Time Virtual Memory Integral :       141559.9636 Mbyte-seconds
Maximum Core Memory Used         :            8.4219 Mbytes
Maximum Virtual Memory Used      :          657.4453 Mbytes
Characters Read                  :            0.8181 Mbytes
Characters Written               :            0.0950 Mbytes
Logical I/O Read Requests        :          934
Logical I/O Write Requests       :           39
CPU Delay                        :            0.0516 Seconds
Block I/O Delay                  :            0.0045 Seconds
Swap In Delay                    :            0.0000 Seconds
Number of Commands               :           75
System Billing Units             :            0.0000
