module: Command not found.
ja
cd /bessemer/bparr
cp /usr/users/0/bparr/kenken/parallel parallel35
cp /usr/users/0/bparr/kenken/input/35minutes.txt p35minutes.txt
setenv OMP_NUM_THREADS 32
omplace -nt 32 ./parallel35 2 p35minutes.txt
12 5 10 1 4 3 2 11 6 9 7 8
5 7 3 12 9 4 8 2 11 10 1 6
7 1 4 5 10 9 6 8 2 3 12 11
2 8 1 11 5 12 3 10 9 7 6 4
8 6 12 2 7 5 4 3 10 1 11 9
9 10 8 4 11 6 7 5 12 2 3 1
11 2 7 6 12 1 10 9 4 5 8 3
4 9 2 3 6 8 5 12 1 11 10 7
3 4 11 10 8 2 12 1 7 6 9 5
1 12 9 7 3 10 11 6 8 4 5 2
6 11 5 8 1 7 9 4 3 12 2 10
10 3 6 9 2 11 1 7 5 8 4 12
Nodes Visited: 336802797
Computation Time = 157055.567 millisecs
      Total Time = 157059.784 millisecs
omplace -nt 32 ./parallel35 4 p35minutes.txt
12 5 10 1 4 3 2 11 6 9 7 8
5 7 3 12 9 4 8 2 11 10 1 6
7 1 4 5 10 9 6 8 2 3 12 11
2 8 1 11 5 12 3 10 9 7 6 4
8 6 12 2 7 5 4 3 10 1 11 9
9 10 8 4 11 6 7 5 12 2 3 1
11 2 7 6 12 1 10 9 4 5 8 3
4 9 2 3 6 8 5 12 1 11 10 7
3 4 11 10 8 2 12 1 7 6 9 5
1 12 9 7 3 10 11 6 8 4 5 2
6 11 5 8 1 7 9 4 3 12 2 10
10 3 6 9 2 11 1 7 5 8 4 12
Nodes Visited: 852000588
Computation Time = 194897.944 millisecs
      Total Time = 194906.674 millisecs
omplace -nt 32 ./parallel35 8 p35minutes.txt
12 5 10 1 4 3 2 11 6 9 7 8
5 7 3 12 9 4 8 2 11 10 1 6
7 1 4 5 10 9 6 8 2 3 12 11
2 8 1 11 5 12 3 10 9 7 6 4
8 6 12 2 7 5 4 3 10 1 11 9
9 10 8 4 11 6 7 5 12 2 3 1
11 2 7 6 12 1 10 9 4 5 8 3
4 9 2 3 6 8 5 12 1 11 10 7
3 4 11 10 8 2 12 1 7 6 9 5
1 12 9 7 3 10 11 6 8 4 5 2
6 11 5 8 1 7 9 4 3 12 2 10
10 3 6 9 2 11 1 7 5 8 4 12
Nodes Visited: 832166757
Computation Time = 94772.448 millisecs
      Total Time = 94822.070 millisecs
omplace -nt 32 ./parallel35 16 p35minutes.txt
12 5 10 1 4 3 2 11 6 9 7 8
5 7 3 12 9 4 8 2 11 10 1 6
7 1 4 5 10 9 6 8 2 3 12 11
2 8 1 11 5 12 3 10 9 7 6 4
8 6 12 2 7 5 4 3 10 1 11 9
9 10 8 4 11 6 7 5 12 2 3 1
11 2 7 6 12 1 10 9 4 5 8 3
4 9 2 3 6 8 5 12 1 11 10 7
3 4 11 10 8 2 12 1 7 6 9 5
1 12 9 7 3 10 11 6 8 4 5 2
6 11 5 8 1 7 9 4 3 12 2 10
10 3 6 9 2 11 1 7 5 8 4 12
Nodes Visited: 849457702
Computation Time = 48386.319 millisecs
      Total Time = 48400.751 millisecs
omplace -nt 32 ./parallel35 24 p35minutes.txt
12 5 10 1 4 3 2 11 6 9 7 8
5 7 3 12 9 4 8 2 11 10 1 6
7 1 4 5 10 9 6 8 2 3 12 11
2 8 1 11 5 12 3 10 9 7 6 4
8 6 12 2 7 5 4 3 10 1 11 9
9 10 8 4 11 6 7 5 12 2 3 1
11 2 7 6 12 1 10 9 4 5 8 3
4 9 2 3 6 8 5 12 1 11 10 7
3 4 11 10 8 2 12 1 7 6 9 5
1 12 9 7 3 10 11 6 8 4 5 2
6 11 5 8 1 7 9 4 3 12 2 10
10 3 6 9 2 11 1 7 5 8 4 12
Nodes Visited: 1590179694
Computation Time = 60797.583 millisecs
      Total Time = 60870.534 millisecs
omplace -nt 32 ./parallel35 32 p35minutes.txt
12 5 10 1 4 3 2 11 6 9 7 8
5 7 3 12 9 4 8 2 11 10 1 6
7 1 4 5 10 9 6 8 2 3 12 11
2 8 1 11 5 12 3 10 9 7 6 4
8 6 12 2 7 5 4 3 10 1 11 9
9 10 8 4 11 6 7 5 12 2 3 1
11 2 7 6 12 1 10 9 4 5 8 3
4 9 2 3 6 8 5 12 1 11 10 7
3 4 11 10 8 2 12 1 7 6 9 5
1 12 9 7 3 10 11 6 8 4 5 2
6 11 5 8 1 7 9 4 3 12 2 10
10 3 6 9 2 11 1 7 5 8 4 12
Nodes Visited: 945863264
Computation Time = 27151.964 millisecs
      Total Time = 27174.597 millisecs
ja -chlst


Job Accounting - Command Report
===============================

    Command       Started    Elapsed    User CPU    Sys CPU       CPU      Block I/O    Swap In      CPU MEM        Characters           Logical I/O      CoreMem   VirtMem   Ex
     Name           At       Seconds    Seconds     Seconds    Delay Secs  Delay Secs  Delay Secs  Avg Mbytes     Read     Written     Read      Write    HiValue   HiValue   St   Ni  Fl   SBU's 
===============  ========  ==========  ==========  ==========  ==========  ==========  ==========  ==========  =========  =========  ========  ========  ========  ========  ===  ===  ==  =======
# CFG   ON(    1) (    7)  02:52:52 04/21/2011  System:  Linux bl1.psc.teragrid.org 2.6.32.29-0.3.1.2687.3.PTF-default #1 SMP 2011-02-25 13:36:59 +0100 x86_64
ja               02:52:52        0.00        0.00        0.00        0.00        0.00        0.00       13.20      0.019      0.000        19         4      1060     23772    0    0         0.00
cp               02:52:52        0.01        0.00        0.01        0.00        0.00        0.00       13.44      0.102      0.093        18         2       964     15820    0    0         0.00
cp               02:52:52        0.01        0.00        0.01        0.00        0.00        0.00       14.27      0.011      0.001        18         2       876     15820    0    0         0.00
cpuset           02:52:52        0.00        0.00        0.01        0.00        0.00        0.00        0.00      0.004      0.000         9         1       556      8120    0    0         0.00
cpuset           02:52:52        0.00        0.00        0.00        0.00        0.00        0.00        8.31      0.008      0.000        30         1       684      8120    0    0         0.00
expr             02:52:52        0.00        0.00        0.01        0.00        0.00        0.00        0.00      0.004      0.000         8         1       668      5320    0    0         0.00
omplace          02:52:52        0.00        0.00        0.01        0.00        0.00        0.00        0.00      0.000      0.000         0         1       868     12744    0    0  F      0.00
sed              02:52:52        0.00        0.00        0.01        0.00        0.00        0.00        0.00      0.004      0.000        10         1       804      5392    0    0         0.00
omplace          02:52:52        0.00        0.00        0.00        0.00        0.00        0.00       13.08      0.000      0.000         0         0       884     12740    0    0  F      0.00
omplace          02:52:52        0.00        0.00        0.01        0.00        0.00        0.00        0.00      0.000      0.000         0         1       876     12744    0    0  F      0.00
sed              02:52:52        0.00        0.00        0.01        0.00        0.00        0.00        0.00      0.004      0.000        10         1       808      5392    0    0         0.00
omplace          02:52:52        0.00        0.00        0.01        0.00        0.00        0.00        0.00      0.000      0.000         0         0       884     12740    0    0  F      0.00
omplace          02:52:52        0.00        0.00        0.01        0.00        0.00        0.00        0.00      0.000      0.000         0         1       880     12744    0    0  F      0.00
egrep            02:52:52        0.00        0.00        0.01        0.00        0.00        0.00        0.00      0.004      0.000        10         0       824      5368    1    0         0.00
omplace          02:52:52        0.00        0.00        0.01        0.00        0.00        0.00        0.00      0.000      0.000         0         0       888     12740    1    0  F      0.00
omplace          02:52:52        0.00        0.00        0.01        0.00        0.00        0.00        0.00      0.000      0.000         0         1       880     12744    0    0  F      0.00
cut              02:52:52        0.00        0.00        0.01        0.00        0.00        0.00        0.00      0.004      0.000        10         1       716      5332    0    0         0.00
omplace          02:52:52        0.00        0.00        0.01        0.00        0.00        0.00        0.00      0.000      0.000         0         0       892     12740    0    0  F      0.00
omplace          02:52:52        0.00        0.00        0.01        0.00        0.00        0.00        0.00      0.000      0.000         0         1       876     12744    0    0  F      0.00
grep             02:52:52        0.00        0.00        0.00        0.00        0.00        0.00        6.13      0.004      0.000        10         0       816      5520    1    0         0.00
omplace          02:52:52        0.00        0.00        0.01        0.00        0.00        0.00        0.00      0.000      0.000         0         1       880     12744    0    0  F      0.00
cut              02:52:52        0.00        0.00        0.01        0.00        0.00        0.00        0.00      0.004      0.000        10         1       716      5332    0    0         0.00
omplace          02:52:52        0.00        0.00        0.00        0.00        0.00        0.00       13.09      0.000      0.000         0         0       892     12740    0    0  F      0.00
omplace          02:52:52        0.00        0.00        0.00        0.00        0.00        0.00       13.21      0.000      0.000         0         1       880     12744    0    0  F      0.00
cut              02:52:52        0.00        0.00        0.00        0.00        0.00        0.00       12.96      0.004      0.000        10         1       716      5332    0    0         0.00
omplace          02:52:52        0.00        0.00        0.01        0.00        0.00        0.00        0.00      0.000      0.000         0         0       892     12740    0    0  F      0.00
seq              02:52:52        0.00        0.00        0.01        0.00        0.00        0.00        0.00      0.004      0.000         8         1       736      5316    0    0         0.00
omplace          02:52:52        0.00        0.00        0.01        0.00        0.00        0.00        0.00      0.000      0.000         0         0       956     12740    0    0  F      0.00
omplace          02:52:52        0.03        0.00        0.01        0.00        0.00        0.00        0.00      0.000      0.000        14         1      1076     12744    0    0  F      0.00
omplace          02:52:52        0.00        0.00        0.01        0.00        0.00        0.00        0.00      0.000      0.000         0         1       872     12744    0    0  F      0.00
wc               02:52:52        0.00        0.00        0.01        0.00        0.00        0.00        0.00      0.004      0.000        10         1       752      5316    0    0         0.00
omplace          02:52:52        0.00        0.00        0.01        0.00        0.00        0.00        0.00      0.000      0.000         0         0       876     12740    0    0  F      0.00
expr             02:52:52        0.00        0.00        0.00        0.00        0.00        0.00        0.39      0.004      0.000         8         1       668      5320    0    0         0.00
cat              02:52:52        0.00        0.00        0.01        0.00        0.00        0.00        0.00      0.004      0.000        10         2       676      5328    0    0         0.00
expr             02:52:52        0.00        0.00        0.00        0.00        0.00        0.00        4.06      0.004      0.000         8         1       664      5320    0    0         0.00
expr             02:52:52        0.00        0.00        0.00        0.00        0.00        0.00       12.81      0.004      0.000         8         1       668      5320    0    0         0.00
expr             02:52:52        0.01        0.00        0.00        0.00        0.00        0.00        4.37      0.004      0.000         8         1       668      5320    1    0         0.00
cat              02:52:52        0.01        0.00        0.00        0.00        0.00        0.00       13.02      0.004      0.000        12         2       672      5328    0    0         0.00
expr             02:52:52        0.00        0.00        0.01        0.00        0.00        0.00        0.00      0.004      0.000         8         1       668      5320    0    0         0.00
omplace          02:52:52        0.00        0.00        0.01        0.00        0.00        0.00        0.00      0.000      0.000         0         1      1012     12744    0    0  F      0.00
parallel35       02:52:53      157.06      157.06        0.00        0.01        0.00        0.00       89.12      0.000      0.000         0         0      2372    154520    0    0         0.00
parallel35       02:52:53      157.20        0.00        0.98        0.00        0.00        0.00       88.85      0.000      0.000         0         0      2372    154520    0    0         0.00
parallel35       02:52:52      158.02      157.06        0.76        0.01        0.00        0.00       88.79      0.560      0.000       615         1      2372    154520    0    0         0.00
rm               02:55:30        0.00        0.00        0.00        0.00        0.00        0.00        0.41      0.004      0.000         8         0       692      5332    0    0         0.00
omplace          02:52:52      158.10        0.00        0.01        0.00        0.00        0.00        7.49      0.049      0.000        48         1      1656     12740    0    0         0.00
cpuset           02:55:30        0.00        0.00        0.00        0.00        0.00        0.00        0.28      0.004      0.000         9         1       556      8120    0    0         0.00
cpuset           02:55:30        0.00        0.00        0.01        0.00        0.00        0.00        0.00      0.008      0.000        30         1       688      8120    0    0         0.00
expr             02:55:30        0.00        0.00        0.01        0.00        0.00        0.00        0.00      0.004      0.000         8         1       664      5320    0    0         0.00
omplace          02:55:30        0.00        0.00        0.01        0.00        0.00        0.00        0.00      0.000      0.000         0         1       864     12744    0    0  F      0.00
sed              02:55:30        0.00        0.00        0.01        0.00        0.00        0.00        0.00      0.004      0.000        10         1       808      5392    0    0         0.00
omplace          02:55:30        0.00        0.00        0.01        0.00        0.00        0.00        0.00      0.000      0.000         0         0       880     12740    0    0  F      0.00
omplace          02:55:30        0.00        0.00        0.01        0.00        0.00        0.00        0.00      0.000      0.000         0         1       872     12744    0    0  F      0.00
sed              02:55:30        0.00        0.00        0.00        0.00        0.00        0.00       13.15      0.004      0.000        10         1       804      5392    0    0         0.00
omplace          02:55:30        0.00        0.00        0.01        0.00        0.00        0.00        0.00      0.000      0.000         0         0       880     12740    0    0  F      0.00
omplace          02:55:30        0.00        0.00        0.01        0.00        0.00        0.00        0.00      0.000      0.000         0         1       876     12744    0    0  F      0.00
egrep            02:55:30        0.00        0.00        0.00        0.00        0.00        0.00        0.32      0.004      0.000        10         0       820      5368    1    0         0.00
omplace          02:55:30        0.00        0.00        0.01        0.00        0.00        0.00        0.00      0.000      0.000         0         0       884     12740    1    0  F      0.00
omplace          02:55:30        0.00        0.00        0.01        0.00        0.00        0.00        0.00      0.000      0.000         0         1       876     12744    0    0  F      0.00
cut              02:55:30        0.00        0.00        0.00        0.00        0.00        0.00        4.17      0.004      0.000        10         1       712      5332    0    0         0.00
omplace          02:55:30        0.00        0.00        0.01        0.00        0.00        0.00        0.00      0.000      0.000         0         0       888     12740    0    0  F      0.00
omplace          02:55:30        0.00        0.00        0.01        0.00        0.00        0.00        0.00      0.000      0.000         0         1       872     12744    0    0  F      0.00
grep             02:55:30        0.00        0.00        0.01        0.00        0.00        0.00        0.00      0.004      0.000        10         0       824      5520    1    0         0.00
omplace          02:55:30        0.00        0.00        0.01        0.00        0.00        0.00        0.00      0.000      0.000         0         1       876     12744    0    0  F      0.00
cut              02:55:30        0.00        0.00        0.00        0.00        0.00        0.00       13.09      0.004      0.000        10         1       712      5332    0    0         0.00
omplace          02:55:30        0.00        0.00        0.01        0.00        0.00        0.00        0.00      0.000      0.000         0         0       888     12740    0    0  F      0.00
omplace          02:55:30        0.00        0.00        0.01        0.00        0.00        0.00        0.00      0.000      0.000         0         1       876     12744    0    0  F      0.00
cut              02:55:30        0.00        0.00        0.01        0.00        0.00        0.00        0.00      0.004      0.000        10         1       712      5332    0    0         0.00
omplace          02:55:30        0.00        0.00        0.01        0.00        0.00        0.00        0.00      0.000      0.000         0         0       888     12740    0    0  F      0.00
seq              02:55:30        0.00        0.00        0.00        0.00        0.00        0.00        0.12      0.004      0.000         8         1       736      5316    0    0         0.00
omplace          02:55:30        0.00        0.00        0.01        0.00        0.00        0.00        0.00      0.000      0.000         0         0       952     12740    0    0  F      0.00
omplace          02:55:30        0.03        0.00        0.01        0.00        0.00        0.00        0.00      0.000      0.000        14         1      1072     12744    0    0  F      0.00
omplace          02:55:30        0.00        0.00        0.01        0.00        0.00        0.00        0.00      0.000      0.000         0         1       868     12744    0    0  F      0.00
wc               02:55:30        0.00        0.00        0.00        0.00        0.00        0.00        0.02      0.004      0.000        10         1       760      5316    0    0         0.00
omplace          02:55:30        0.00        0.00        0.00        0.00        0.00        0.00       13.10      0.000      0.000         0         0       872     12740    0    0  F      0.00
expr             02:55:30        0.00        0.00        0.01        0.00        0.00        0.00        0.00      0.004      0.000         8         1       664      5320    0    0         0.00
cat              02:55:30        0.01        0.00        0.01        0.00        0.00        0.00        8.82      0.004      0.000        10         2       680      5328    0    0         0.00
expr             02:55:30        0.00        0.00        0.01        0.00        0.00        0.00        0.00      0.004      0.000         8         1       668      5320    0    0         0.00
expr             02:55:30        0.00        0.00        0.01        0.00        0.00        0.00        0.00      0.004      0.000         8         1       668      5320    0    0         0.00
expr             02:55:30        0.00        0.00        0.01        0.00        0.00        0.00        0.00      0.004      0.000         8         1       668      5320    1    0         0.00
cat              02:55:30        0.01        0.00        0.01        0.00        0.00        0.00        6.78      0.004      0.000        12         2       676      5328    0    0         0.00
expr             02:55:30        0.00        0.00        0.00        0.00        0.00        0.00        0.62      0.004      0.000         8         1       664      5320    0    0         0.00
omplace          02:55:30        0.00        0.00        0.01        0.00        0.00        0.00        0.00      0.000      0.000         0         1      1008     12744    0    0  F      0.00
parallel35       02:55:32      194.90      194.85        0.01        0.01        0.04        0.00      162.15      0.000      0.000         0         0      2852    228536    0    0         0.00
parallel35       02:55:32      194.90      194.85        0.00        0.01        0.05        0.00      162.15      0.000      0.000         0         0      2852    228536    0    0         0.00
parallel35       02:55:32      194.90      194.85        0.00        0.01        0.05        0.00      162.15      0.000      0.000         0         0      2852    228536    0    0         0.00
parallel35       02:55:31      195.10        0.00        1.26        0.00        0.00        0.00      162.15      0.000      0.000         0         0      2852    228536    0    0         0.00
parallel35       02:55:31      195.90      194.86        0.80        0.01        0.05        0.00      161.56      0.560      0.000       615         1      2852    228536    0    0         0.00
rm               02:58:46        0.00        0.00        0.01        0.00        0.00        0.00        0.00      0.004      0.000         8         0       692      5332    0    0         0.00
omplace          02:55:31      195.98        0.00        0.01        0.00        0.00        0.00       13.20      0.049      0.000        48         1      1652     12740    0    0         0.00
cpuset           02:58:46        0.00        0.00        0.01        0.00        0.00        0.00        0.00      0.004      0.000         9         1       556      8120    0    0         0.00
cpuset           02:58:46        0.00        0.00        0.00        0.00        0.00        0.00        8.28      0.008      0.000        30         1       680      8120    0    0         0.00
expr             02:58:46        0.00        0.00        0.01        0.00        0.00        0.00        0.00      0.004      0.000         8         1       668      5320    0    0         0.00
omplace          02:58:46        0.00        0.00        0.00        0.00        0.00        0.00       12.82      0.000      0.000         0         1       864     12744    0    0  F      0.00
sed              02:58:46        0.00        0.00        0.01        0.00        0.00        0.00        0.00      0.004      0.000        10         1       804      5392    0    0         0.00
omplace          02:58:46        0.00        0.00        0.00        0.00        0.00        0.00       13.09      0.000      0.000         0         0       880     12740    0    0  F      0.00
omplace          02:58:46        0.00        0.00        0.01        0.00        0.00        0.00        0.00      0.000      0.000         0         1       872     12744    0    0  F      0.00
sed              02:58:46        0.00        0.00        0.01        0.00        0.00        0.00        0.00      0.004      0.000        10         1       804      5392    0    0         0.00
omplace          02:58:46        0.00        0.00        0.01        0.00        0.00        0.00        0.00      0.000      0.000         0         0       880     12740    0    0  F      0.00
omplace          02:58:46        0.00        0.00        0.01        0.00        0.00        0.00        0.00      0.000      0.000         0         1       876     12744    0    0  F      0.00
egrep            02:58:46        0.00        0.00        0.01        0.00        0.00        0.00        0.00      0.004      0.000        10         0       820      5368    1    0         0.00
omplace          02:58:46        0.00        0.00        0.01        0.00        0.00        0.00        0.00      0.000      0.000         0         0       884     12740    1    0  F      0.00
omplace          02:58:46        0.00        0.00        0.01        0.00        0.00        0.00        0.00      0.000      0.000         0         1       876     12744    0    0  F      0.00
cut              02:58:46        0.00        0.00        0.00        0.00        0.00        0.00        0.02      0.004      0.000        10         1       716      5332    0    0         0.00
omplace          02:58:46        0.00        0.00        0.00        0.00        0.00        0.00       13.11      0.000      0.000         0         0       888     12740    0    0  F      0.00
omplace          02:58:46        0.00        0.00        0.01        0.00        0.00        0.00        0.00      0.000      0.000         0         1       872     12744    0    0  F      0.00
grep             02:58:46        0.00        0.00        0.00        0.00        0.00        0.00        6.16      0.004      0.000        10         0       816      5520    1    0         0.00
omplace          02:58:46        0.00        0.00        0.01        0.00        0.00        0.00        0.00      0.000      0.000         0         1       876     12744    0    0  F      0.00
cut              02:58:46        0.00        0.00        0.01        0.00        0.00        0.00        0.00      0.004      0.000        10         1       708      5332    0    0         0.00
omplace          02:58:46        0.00        0.00        0.00        0.00        0.00        0.00       13.09      0.000      0.000         0         0       888     12740    0    0  F      0.00
omplace          02:58:46        0.00        0.00        0.01        0.00        0.00        0.00        0.00      0.000      0.000         0         1       876     12744    0    0  F      0.00
cut              02:58:46        0.00        0.00        0.00        0.00        0.00        0.00       13.02      0.004      0.000        10         1       712      5332    0    0         0.00
omplace          02:58:46        0.00        0.00        0.01        0.00        0.00        0.00        0.00      0.000      0.000         0         0       888     12740    0    0  F      0.00
seq              02:58:46        0.00        0.00        0.01        0.00        0.00        0.00        0.00      0.004      0.000         8         1       740      5316    0    0         0.00
omplace          02:58:46        0.00        0.00        0.01        0.00        0.00        0.00        0.00      0.000      0.000         0         0       952     12740    0    0  F      0.00
omplace          02:58:46        0.03        0.00        0.01        0.00        0.00        0.00        0.00      0.000      0.000        14         1      1072     12744    0    0  F      0.00
omplace          02:58:46        0.00        0.00        0.01        0.00        0.00        0.00        0.00      0.000      0.000         0         1       868     12744    0    0  F      0.00
wc               02:58:46        0.00        0.00        0.01        0.00        0.00        0.00        0.00      0.004      0.000        10         1       756      5316    0    0         0.00
omplace          02:58:46        0.00        0.00        0.01        0.00        0.00        0.00        0.00      0.000      0.000         0         0       872     12740    0    0  F      0.00
expr             02:58:46        0.00        0.00        0.00        0.00        0.00        0.00        0.39      0.004      0.000         8         1       664      5320    0    0         0.00
cat              02:58:46        0.00        0.00        0.01        0.00        0.00        0.00        9.26      0.004      0.000        10         2       672      5328    0    0         0.00
expr             02:58:46        0.00        0.00        0.01        0.00        0.00        0.00        0.00      0.004      0.000         8         1       668      5320    0    0         0.00
expr             02:58:46        0.00        0.00        0.00        0.00        0.00        0.00        0.02      0.004      0.000         8         1       668      5320    0    0         0.00
expr             02:58:46        0.00        0.00        0.01        0.00        0.00        0.00        0.00      0.004      0.000         8         1       668      5320    1    0         0.00
cat              02:58:46        0.01        0.00        0.01        0.00        0.00        0.00        0.00      0.004      0.000        12         2       676      5328    0    0         0.00
expr             02:58:46        0.00        0.00        0.01        0.00        0.00        0.00        0.00      0.004      0.000         8         1       668      5320    0    0         0.00
omplace          02:58:46        0.00        0.00        0.01        0.00        0.00        0.00        0.00      0.000      0.000         0         1      1008     12744    0    0  F      0.00
parallel35       02:58:48       94.82       94.73        0.07        0.01        0.00        0.00      243.56      0.000      0.000         0         0      3836    311204    0    0         0.00
parallel35       02:58:48       94.83       94.64        0.00        0.02        0.00        0.00      243.56      0.000      0.000         0         0      3836    311204    0    0         0.00
parallel35       02:58:48       94.83       94.73        0.00        0.01        0.00        0.00      243.58      0.000      0.000         0         0      3836    311204    0    0         0.00
parallel35       02:58:48       94.83       94.63        0.14        0.01        0.00        0.00      243.51      0.000      0.000         0         0      3836    311204    0    0         0.00
parallel35       02:58:48       94.83       94.63        0.02        0.01        0.00        0.00      243.55      0.000      0.000         0         0      3836    311204    0    0         0.00
parallel35       02:58:48       94.83       94.77        0.05        0.01        0.00        0.00      243.55      0.000      0.000         0         0      3836    311204    0    0         0.00
parallel35       02:58:48       94.83       94.63        0.06        0.01        0.00        0.00      243.56      0.000      0.000         0         0      3836    311204    0    0         0.00
parallel35       02:58:48       94.84        0.00        2.66        0.00        0.00        0.00      243.56      0.000      0.000         0         0      3836    311204    0    0         0.00
parallel35       02:58:47       95.67       94.64        0.83        0.01        0.04        0.00      241.66      0.560      0.000       615         1      3836    311204    0    0         0.00
rm               03:00:22        0.00        0.00        0.01        0.00        0.00        0.00        0.00      0.004      0.000         8         0       692      5332    0    0         0.00
omplace          02:58:47       95.74        0.00        0.01        0.00        0.00        0.00       13.38      0.049      0.000        48         1      1652     12740    0    0         0.00
cpuset           03:00:22        0.00        0.00        0.00        0.00        0.00        0.00       12.91      0.004      0.000         9         1       560      8120    0    0         0.00
cpuset           03:00:22        0.00        0.00        0.00        0.00        0.00        0.00        0.02      0.008      0.000        30         1       684      8120    0    0         0.00
expr             03:00:22        0.00        0.00        0.01        0.00        0.00        0.00        0.00      0.004      0.000         8         1       668      5320    0    0         0.00
omplace          03:00:22        0.00        0.00        0.01        0.00        0.00        0.00        0.00      0.000      0.000         0         1       864     12744    0    0  F      0.00
sed              03:00:22        0.00        0.00        0.01        0.00        0.00        0.00        0.00      0.004      0.000        10         1       800      5392    0    0         0.00
omplace          03:00:22        0.00        0.00        0.01        0.00        0.00        0.00        0.00      0.000      0.000         0         0       880     12740    0    0  F      0.00
omplace          03:00:22        0.00        0.00        0.00        0.00        0.00        0.00       12.98      0.000      0.000         0         1       872     12744    0    0  F      0.00
sed              03:00:22        0.00        0.00        0.00        0.00        0.00        0.00       12.82      0.004      0.000        10         1       808      5392    0    0         0.00
omplace          03:00:22        0.00        0.00        0.00        0.00        0.00        0.00       13.09      0.000      0.000         0         0       880     12740    0    0  F      0.00
omplace          03:00:22        0.00        0.00        0.01        0.00        0.00        0.00        0.00      0.000      0.000         0         1       876     12744    0    0  F      0.00
egrep            03:00:22        0.00        0.00        0.01        0.00        0.00        0.00        0.00      0.004      0.000        10         0       824      5368    1    0         0.00
omplace          03:00:22        0.00        0.00        0.01        0.00        0.00        0.00        0.00      0.000      0.000         0         0       884     12740    1    0  F      0.00
omplace          03:00:22        0.00        0.00        0.01        0.00        0.00        0.00        0.00      0.000      0.000         0         1       876     12744    0    0  F      0.00
cut              03:00:22        0.00        0.00        0.01        0.00        0.00        0.00        0.00      0.004      0.000        10         1       712      5332    0    0         0.00
omplace          03:00:22        0.00        0.00        0.01        0.00        0.00        0.00        0.00      0.000      0.000         0         0       888     12740    0    0  F      0.00
omplace          03:00:22        0.00        0.00        0.01        0.00        0.00        0.00        0.00      0.000      0.000         0         1       872     12744    0    0  F      0.00
grep             03:00:22        0.00        0.00        0.00        0.00        0.00        0.00        4.54      0.004      0.000        10         0       816      5520    1    0         0.00
omplace          03:00:22        0.00        0.00        0.01        0.00        0.00        0.00        0.00      0.000      0.000         0         1       876     12744    0    0  F      0.00
cut              03:00:22        0.00        0.00        0.01        0.00        0.00        0.00        0.00      0.004      0.000        10         1       712      5332    0    0         0.00
omplace          03:00:22        0.00        0.00        0.00        0.00        0.00        0.00       12.91      0.000      0.000         0         0       888     12740    0    0  F      0.00
omplace          03:00:22        0.00        0.00        0.00        0.00        0.00        0.00       12.95      0.000      0.000         0         1       876     12744    0    0  F      0.00
cut              03:00:22        0.00        0.00        0.00        0.00        0.00        0.00       12.81      0.004      0.000        10         1       716      5332    0    0         0.00
omplace          03:00:22        0.00        0.00        0.00        0.00        0.00        0.00       13.10      0.000      0.000         0         0       888     12740    0    0  F      0.00
seq              03:00:22        0.00        0.00        0.01        0.00        0.00        0.00        0.00      0.004      0.000         8         1       736      5316    0    0         0.00
omplace          03:00:22        0.00        0.00        0.01        0.00        0.00        0.00        0.00      0.000      0.000         0         0       952     12740    0    0  F      0.00
omplace          03:00:22        0.03        0.00        0.00        0.00        0.00        0.00       13.17      0.000      0.000        14         1      1072     12744    0    0  F      0.00
omplace          03:00:22        0.00        0.00        0.01        0.00        0.00        0.00        0.00      0.000      0.000         0         1       868     12744    0    0  F      0.00
wc               03:00:22        0.00        0.00        0.01        0.00        0.00        0.00        0.00      0.004      0.000        10         1       748      5316    0    0         0.00
omplace          03:00:22        0.00        0.00        0.01        0.00        0.00        0.00        0.00      0.000      0.000         0         0       872     12740    0    0  F      0.00
expr             03:00:22        0.00        0.00        0.00        0.00        0.00        0.00        4.02      0.004      0.000         8         1       664      5320    0    0         0.00
cat              03:00:22        0.00        0.00        0.01        0.00        0.00        0.00        0.00      0.004      0.000        10         2       672      5328    0    0         0.00
expr             03:00:22        0.00        0.00        0.00        0.00        0.00        0.00        0.33      0.004      0.000         8         1       668      5320    0    0         0.00
expr             03:00:22        0.00        0.00        0.01        0.00        0.00        0.00        0.00      0.004      0.000         8         1       664      5320    0    0         0.00
expr             03:00:22        0.00        0.00        0.01        0.00        0.00        0.00        0.00      0.004      0.000         8         1       664      5320    1    0         0.00
cat              03:00:22        0.01        0.01        0.00        0.00        0.00        0.00       10.13      0.004      0.000        12         2       676      5328    0    0         0.00
expr             03:00:22        0.00        0.00        0.01        0.00        0.00        0.00        0.00      0.004      0.000         8         1       664      5320    0    0         0.00
omplace          03:00:22        0.00        0.00        0.01        0.00        0.00        0.00        0.00      0.000      0.000         0         1      1008     12744    0    0  F      0.00
parallel35       03:00:23       48.39       48.19        0.04        0.01        0.00        0.00      406.76      0.000      0.000         0         0      5784    476392    0    0         0.00
parallel35       03:00:23       48.43       48.26        0.07        0.01        0.00        0.00      406.62      0.000      0.000         0         0      5784    476392    0    0         0.00
parallel35       03:00:23       48.44       48.31        0.05        0.00        0.00        0.00      406.57      0.000      0.000         0         0      5784    476392    0    0         0.00
parallel35       03:00:23       48.49       48.38        0.05        0.00        0.00        0.00      406.38      0.000      0.000         0         0      5784    476392    0    0         0.00
parallel35       03:00:23       48.49       48.22        0.16        0.01        0.00        0.00      406.57      0.000      0.000         0         0      5784    476392    0    0         0.00
parallel35       03:00:23       48.49       48.22        0.10        0.00        0.00        0.00      406.75      0.000      0.000         0         0      5784    476392    0    0         0.00
parallel35       03:00:23       48.49       48.22        0.09        0.00        0.00        0.00      406.76      0.000      0.000         0         0      5784    476392    0    0         0.00
parallel35       03:00:23       48.49       48.22        0.06        0.01        0.00        0.00      406.68      0.000      0.000         0         0      5784    476392    0    0         0.00
parallel35       03:00:23       48.49       48.33        0.10        0.00        0.00        0.00      406.38      0.000      0.000         0         0      5784    476392    0    0         0.00
parallel35       03:00:23       48.49       48.22        0.10        0.00        0.00        0.00      406.68      0.000      0.000         0         0      5784    476392    0    0         0.00
parallel35       03:00:23       48.49       48.27        0.07        0.01        0.00        0.00      406.62      0.000      0.000         0         0      5784    476392    0    0         0.00
parallel35       03:00:23       48.49       48.22        0.09        0.00        0.00        0.00      406.76      0.000      0.000         0         0      5784    476392    0    0         0.00
parallel35       03:00:23       48.49       48.26        0.13        0.00        0.00        0.00      406.49      0.000      0.000         0         0      5784    476392    0    0         0.00
parallel35       03:00:23       48.49       48.32        0.16        0.00        0.00        0.00      406.38      0.000      0.000         0         0      5784    476392    0    0         0.00
parallel35       03:00:23       48.49       48.26        0.05        0.01        0.00        0.00      406.58      0.000      0.000         0         0      5784    476392    0    0         0.00
parallel35       03:00:23       48.53        0.00        0.11        0.00        0.00        0.00      406.77      0.000      0.000         0         0      5784    476392    0    0         0.00
parallel35       03:00:22       49.33       48.23        0.84        0.01        0.00        0.00      400.35      0.560      0.000       615         1      5784    476392    0    0         0.00
rm               03:01:11        0.00        0.00        0.00        0.00        0.00        0.00        3.96      0.004      0.000         8         0       692      5332    0    0         0.00
omplace          03:00:22       49.40        0.01        0.00        0.00        0.00        0.00       13.97      0.049      0.000        48         1      1652     12740    0    0         0.00
cpuset           03:01:11        0.00        0.00        0.00        0.00        0.00        0.00        8.18      0.004      0.000         9         1       560      8120    0    0         0.00
cpuset           03:01:11        0.00        0.00        0.00        0.00        0.00        0.00       13.14      0.008      0.000        30         1       680      8120    0    0         0.00
expr             03:01:11        0.00        0.00        0.00        0.00        0.00        0.00        0.02      0.004      0.000         8         1       668      5320    0    0         0.00
omplace          03:01:11        0.00        0.00        0.01        0.00        0.00        0.00        0.00      0.000      0.000         0         1       868     12744    0    0  F      0.00
sed              03:01:11        0.01        0.00        0.00        0.00        0.00        0.00       13.11      0.004      0.000        10         1       808      5392    0    0         0.00
omplace          03:01:11        0.01        0.00        0.01        0.00        0.00        0.00        0.00      0.000      0.000         0         0       884     12740    0    0  F      0.00
omplace          03:01:11        0.00        0.00        0.01        0.00        0.00        0.00        0.00      0.000      0.000         0         1       876     12744    0    0  F      0.00
sed              03:01:11        0.00        0.00        0.00        0.00        0.00        0.00       13.02      0.004      0.000        10         1       804      5392    0    0         0.00
omplace          03:01:11        0.00        0.00        0.01        0.00        0.00        0.00        0.00      0.000      0.000         0         0       884     12740    0    0  F      0.00
omplace          03:01:11        0.00        0.00        0.01        0.00        0.00        0.00        0.00      0.000      0.000         0         1       880     12744    0    0  F      0.00
egrep            03:01:11        0.00        0.00        0.01        0.00        0.00        0.00        0.00      0.004      0.000        10         0       820      5368    1    0         0.00
omplace          03:01:11        0.00        0.00        0.01        0.00        0.00        0.00        0.00      0.000      0.000         0         0       888     12740    1    0  F      0.00
omplace          03:01:11        0.00        0.00        0.01        0.00        0.00        0.00        0.00      0.000      0.000         0         1       880     12744    0    0  F      0.00
cut              03:01:11        0.00        0.00        0.01        0.00        0.00        0.00        0.00      0.004      0.000        10         1       712      5332    0    0         0.00
omplace          03:01:11        0.00        0.00        0.01        0.00        0.00        0.00        0.00      0.000      0.000         0         0       892     12740    0    0  F      0.00
omplace          03:01:11        0.00        0.00        0.01        0.00        0.00        0.00        0.00      0.000      0.000         0         1       876     12744    0    0  F      0.00
grep             03:01:11        0.00        0.00        0.00        0.00        0.00        0.00        6.18      0.004      0.000        10         0       820      5520    1    0         0.00
omplace          03:01:11        0.00        0.00        0.01        0.00        0.00        0.00        0.00      0.000      0.000         0         1       880     12744    0    0  F      0.00
cut              03:01:11        0.00        0.00        0.01        0.00        0.00        0.00        0.00      0.004      0.000        10         1       712      5332    0    0         0.00
omplace          03:01:11        0.00        0.00        0.00        0.00        0.00        0.00       13.09      0.000      0.000         0         0       892     12740    0    0  F      0.00
omplace          03:01:11        0.00        0.00        0.01        0.00        0.00        0.00        0.00      0.000      0.000         0         1       880     12744    0    0  F      0.00
cut              03:01:11        0.00        0.00        0.00        0.00        0.00        0.00       13.02      0.004      0.000        10         1       712      5332    0    0         0.00
omplace          03:01:11        0.00        0.00        0.01        0.00        0.00        0.00        0.00      0.000      0.000         0         0       892     12740    0    0  F      0.00
seq              03:01:11        0.00        0.00        0.01        0.00        0.00        0.00        0.00      0.004      0.000         8         1       736      5316    0    0         0.00
omplace          03:01:11        0.00        0.00        0.01        0.00        0.00        0.00        0.00      0.000      0.000         0         0       956     12740    0    0  F      0.00
omplace          03:01:11        0.03        0.00        0.01        0.00        0.00        0.00        0.00      0.000      0.000        14         1      1076     12744    0    0  F      0.00
omplace          03:01:11        0.00        0.00        0.01        0.00        0.00        0.00        0.00      0.000      0.000         0         1       872     12744    0    0  F      0.00
wc               03:01:11        0.00        0.00        0.01        0.00        0.00        0.00        0.00      0.004      0.000        10         1       760      5316    0    0         0.00
omplace          03:01:11        0.00        0.00        0.01        0.00        0.00        0.00        0.00      0.000      0.000         0         0       876     12740    0    0  F      0.00
expr             03:01:11        0.00        0.00        0.00        0.00        0.00        0.00        4.25      0.004      0.000         8         1       668      5320    0    0         0.00
cat              03:01:11        0.00        0.00        0.01        0.00        0.00        0.00        0.00      0.004      0.000        10         2       672      5328    0    0         0.00
expr             03:01:11        0.00        0.00        0.00        0.00        0.00        0.00        5.84      0.004      0.000         8         1       664      5320    0    0         0.00
expr             03:01:11        0.00        0.00        0.00        0.00        0.00        0.00       13.24      0.004      0.000         8         1       668      5320    0    0         0.00
expr             03:01:11        0.00        0.00        0.01        0.00        0.00        0.00        0.00      0.004      0.000         8         1       664      5320    1    0         0.00
cat              03:01:11        0.01        0.00        0.00        0.00        0.00        0.00       13.09      0.004      0.000        12         2       676      5328    0    0         0.00
expr             03:01:11        0.00        0.00        0.00        0.00        0.00        0.00       13.14      0.004      0.000         8         1       664      5320    0    0         0.00
omplace          03:01:11        0.00        0.00        0.01        0.00        0.00        0.00        0.00      0.000      0.000         0         1      1012     12744    0    0  F      0.00
parallel35       03:01:13       60.87       60.61        0.01        0.01        0.00        0.00      442.36      0.000      0.000         0         0      7696    510060    0    0         0.00
parallel35       03:01:13       60.91       60.65        0.01        0.01        0.00        0.00      442.35      0.000      0.000         0         0      7696    510060    0    0         0.00
parallel35       03:01:13       60.92       60.69        0.05        0.00        0.00        0.00      442.31      0.000      0.000         0         0      7696    510060    0    0         0.00
parallel35       03:01:13       60.92       60.69        0.05        0.00        0.00        0.00      442.31      0.000      0.000         0         0      7696    510060    0    0         0.00
parallel35       03:01:13       60.90       60.66        0.00        0.00        0.00        0.00      442.36      0.000      0.000         0         0      7696    510060    0    0         0.00
parallel35       03:01:13       60.92       60.66        0.00        0.00        0.00        0.00      442.35      0.000      0.000         0         0      7696    510060    0    0         0.00
parallel35       03:01:13       60.92       60.56        0.00        0.01        0.00        0.00      442.36      0.000      0.000         0         0      7696    510060    0    0         0.00
parallel35       03:01:13       60.91       60.66        0.04        0.00        0.00        0.00      442.36      0.000      0.000         0         0      7696    510060    0    0         0.00
parallel35       03:01:13       60.92       60.69        0.02        0.00        0.00        0.00      442.30      0.000      0.000         0         0      7696    510060    0    0         0.00
parallel35       03:01:13       60.95       60.70        0.03        0.00        0.00        0.00      442.30      0.000      0.000         0         0      7696    510060    0    0         0.00
parallel35       03:01:13       60.95       60.61        0.03        0.01        0.00        0.00      442.36      0.000      0.000         0         0      7696    510060    0    0         0.00
parallel35       03:01:13       60.95       60.70        0.05        0.00        0.00        0.00      442.21      0.000      0.000         0         0      7696    510060    0    0         0.00
parallel35       03:01:13       60.95       60.70        0.03        0.00        0.00        0.00      442.30      0.000      0.000         0         0      7696    510060    0    0         0.00
parallel35       03:01:13       60.95       60.69        0.03        0.00        0.00        0.00      442.31      0.000      0.000         0         0      7696    510060    0    0         0.00
parallel35       03:01:13       60.95       60.65        0.07        0.00        0.00        0.00      442.23      0.000      0.000         0         0      7696    510060    0    0         0.00
parallel35       03:01:13       60.95       60.66        0.01        0.01        0.00        0.00      442.35      0.000      0.000         0         0      7696    510060    0    0         0.00
parallel35       03:01:13       60.94       60.62        0.04        0.00        0.00        0.00      442.36      0.000      0.000         0         0      7696    510060    0    0         0.00
parallel35       03:01:13       60.99       60.61        0.05        0.00        0.00        0.00      442.36      0.000      0.000         0         0      7696    510060    0    0         0.00
parallel35       03:01:13       60.99       60.61        0.09        0.02        0.00        0.00      442.36      0.000      0.000         0         0      7696    510060    0    0         0.00
parallel35       03:01:13       61.00       60.61        0.09        0.00        0.00        0.00      442.36      0.000      0.000         0         0      7696    510060    0    0         0.00
parallel35       03:01:13       61.00       60.70        0.04        0.00        0.00        0.00      442.30      0.000      0.000         0         0      7696    510060    0    0         0.00
parallel35       03:01:13       61.00       60.62        0.09        0.05        0.00        0.00      442.10      0.000      0.000         0         0      7696    510060    0    0         0.00
parallel35       03:01:13       61.00       60.56        0.14        0.00        0.00        0.00      442.36      0.000      0.000         0         0      7696    510060    0    0         0.00
parallel35       03:01:12       61.02        0.00        0.60        0.00        0.00        0.00      441.89      0.000      0.000         0         0      7696    510060    0    0         0.00
parallel35       03:01:12       61.81       60.80        0.87        0.01        0.00        0.00      436.66      0.560      0.000       615         1      7696    510060    0    0         0.00
rm               03:02:13        0.00        0.00        0.00        0.00        0.00        0.00        4.31      0.004      0.000         8         0       688      5332    0    0         0.00
omplace          03:01:12       61.89        0.00        0.02        0.00        0.00        0.00       13.93      0.049      0.000        48         1      1656     12740    0    0         0.00
cpuset           03:02:13        0.00        0.00        0.00        0.00        0.00        0.00        8.30      0.004      0.000         9         1       560      8120    0    0         0.00
cpuset           03:02:13        0.00        0.00        0.00        0.00        0.00        0.00       12.83      0.008      0.000        30         1       680      8120    0    0         0.00
expr             03:02:13        0.00        0.00        0.01        0.00        0.00        0.00        0.00      0.004      0.000         8         1       664      5320    0    0         0.00
omplace          03:02:13        0.00        0.00        0.01        0.00        0.00        0.00        0.00      0.000      0.000         0         1       864     12744    0    0  F      0.00
sed              03:02:13        0.00        0.00        0.01        0.00        0.00        0.00        0.00      0.004      0.000        10         1       804      5392    0    0         0.00
omplace          03:02:13        0.00        0.00        0.01        0.00        0.00        0.00        0.00      0.000      0.000         0         0       880     12740    0    0  F      0.00
omplace          03:02:13        0.00        0.00        0.01        0.00        0.00        0.00        0.00      0.000      0.000         0         1       872     12744    0    0  F      0.00
sed              03:02:13        0.00        0.00        0.00        0.00        0.00        0.00        0.44      0.004      0.000        10         1       804      5392    0    0         0.00
omplace          03:02:13        0.00        0.00        0.01        0.00        0.00        0.00        0.00      0.000      0.000         0         0       880     12740    0    0  F      0.00
omplace          03:02:13        0.00        0.00        0.01        0.00        0.00        0.00        0.00      0.000      0.000         0         1       876     12744    0    0  F      0.00
egrep            03:02:13        0.00        0.00        0.00        0.00        0.00        0.00        4.34      0.004      0.000        10         0       824      5368    1    0         0.00
omplace          03:02:13        0.00        0.00        0.01        0.00        0.00        0.00        0.00      0.000      0.000         0         0       884     12740    1    0  F      0.00
omplace          03:02:13        0.00        0.00        0.01        0.00        0.00        0.00        0.00      0.000      0.000         0         1       876     12744    0    0  F      0.00
cut              03:02:13        0.00        0.00        0.01        0.00        0.00        0.00        0.00      0.004      0.000        10         1       716      5332    0    0         0.00
omplace          03:02:13        0.00        0.00        0.01        0.00        0.00        0.00        0.00      0.000      0.000         0         0       888     12740    0    0  F      0.00
omplace          03:02:13        0.00        0.00        0.00        0.00        0.00        0.00       13.01      0.000      0.000         0         1       872     12744    0    0  F      0.00
grep             03:02:13        0.00        0.00        0.00        0.00        0.00        0.00       12.87      0.004      0.000        10         0       820      5520    1    0         0.00
omplace          03:02:13        0.00        0.00        0.01        0.00        0.00        0.00        0.00      0.000      0.000         0         1       876     12744    0    0  F      0.00
cut              03:02:13        0.00        0.00        0.01        0.00        0.00        0.00        0.00      0.004      0.000        10         1       712      5332    0    0         0.00
omplace          03:02:13        0.00        0.00        0.01        0.00        0.00        0.00        0.00      0.000      0.000         0         0       888     12740    0    0  F      0.00
omplace          03:02:13        0.00        0.00        0.01        0.00        0.00        0.00        0.00      0.000      0.000         0         1       876     12744    0    0  F      0.00
cut              03:02:13        0.00        0.00        0.00        0.00        0.00        0.00        0.02      0.004      0.000        10         1       712      5332    0    0         0.00
omplace          03:02:13        0.00        0.00        0.01        0.00        0.00        0.00        0.00      0.000      0.000         0         0       888     12740    0    0  F      0.00
seq              03:02:13        0.00        0.00        0.00        0.00        0.00        0.00        5.87      0.004      0.000         8         1       736      5316    0    0         0.00
omplace          03:02:13        0.00        0.00        0.01        0.00        0.00        0.00        0.00      0.000      0.000         0         0       952     12740    0    0  F      0.00
omplace          03:02:13        0.03        0.00        0.00        0.00        0.00        0.00       13.41      0.000      0.000        14         1      1072     12744    0    0  F      0.00
omplace          03:02:13        0.00        0.00        0.01        0.00        0.00        0.00        0.00      0.000      0.000         0         1       868     12744    0    0  F      0.00
wc               03:02:13        0.00        0.00        0.00        0.00        0.00        0.00        4.27      0.004      0.000        10         1       752      5316    0    0         0.00
omplace          03:02:13        0.00        0.00        0.01        0.00        0.00        0.00        0.00      0.000      0.000         0         0       872     12740    0    0  F      0.00
expr             03:02:13        0.00        0.00        0.01        0.00        0.00        0.00        0.00      0.004      0.000         8         1       664      5320    0    0         0.00
cat              03:02:13        0.00        0.00        0.00        0.00        0.00        0.00        8.71      0.004      0.000        10         2       680      5328    0    0         0.00
expr             03:02:13        0.00        0.00        0.00        0.00        0.00        0.00       12.81      0.004      0.000         8         1       668      5320    0    0         0.00
expr             03:02:13        0.00        0.00        0.00        0.00        0.00        0.00        0.02      0.004      0.000         8         1       668      5320    0    0         0.00
expr             03:02:13        0.00        0.00        0.01        0.00        0.00        0.00        0.00      0.004      0.000         8         1       664      5320    1    0         0.00
cat              03:02:13        0.01        0.00        0.01        0.00        0.00        0.00        0.00      0.004      0.000        12         2       672      5328    0    0         0.00
expr             03:02:13        0.00        0.00        0.01        0.00        0.00        0.00        0.00      0.004      0.000         8         1       668      5320    0    0         0.00
omplace          03:02:13        0.00        0.00        0.01        0.00        0.00        0.00        0.00      0.000      0.000         0         1      1008     12744    0    0  F      0.00
parallel35       03:02:14       27.21       27.11        0.00        0.00        0.00        0.00      605.31      0.000      0.000         0         0      9668    675408    0    0         0.00
parallel35       03:02:14       27.22       27.15        0.05        0.00        0.00        0.00      604.88      0.000      0.000         0         0      9668    675408    0    0         0.00
parallel35       03:02:14       27.22       27.15        0.05        0.00        0.00        0.00      604.88      0.000      0.000         0         0      9668    675408    0    0         0.00
parallel35       03:02:14       27.22       27.08        0.05        0.00        0.00        0.00      605.33      0.000      0.000         0         0      9668    675408    0    0         0.00
parallel35       03:02:14       27.21       27.11        0.05        0.00        0.00        0.00      605.31      0.000      0.000         0         0      9668    675408    0    0         0.00
parallel35       03:02:14       27.21       27.11        0.00        0.00        0.00        0.00      605.31      0.000      0.000         0         0      9668    675408    0    0         0.00
parallel35       03:02:14       27.21       27.11        0.01        0.00        0.00        0.00      605.27      0.000      0.000         0         0      9668    675408    0    0         0.00
parallel35       03:02:14       27.21       27.11        0.01        0.00        0.00        0.00      605.27      0.000      0.000         0         0      9668    675408    0    0         0.00
parallel35       03:02:14       27.22       27.11        0.06        0.00        0.00        0.00      605.23      0.000      0.000         0         0      9668    675408    0    0         0.00
parallel35       03:02:14       27.22       27.10        0.06        0.00        0.00        0.00      605.33      0.000      0.000         0         0      9668    675408    0    0         0.00
parallel35       03:02:14       27.22       27.08        0.11        0.00        0.00        0.00      605.04      0.000      0.000         0         0      9668    675408    0    0         0.00
parallel35       03:02:14       27.22       27.08        0.01        0.00        0.00        0.00      605.33      0.000      0.000         0         0      9668    675408    0    0         0.00
parallel35       03:02:14       27.22       27.09        0.01        0.00        0.00        0.00      605.31      0.000      0.000         0         0      9668    675408    0    0         0.00
parallel35       03:02:14       27.22       27.11        0.06        0.00        0.00        0.00      605.31      0.000      0.000         0         0      9668    675408    0    0         0.00
parallel35       03:02:14       27.22       27.11        0.06        0.00        0.00        0.00      605.31      0.000      0.000         0         0      9668    675408    0    0         0.00
parallel35       03:02:14       27.22       27.11        0.02        0.00        0.00        0.00      605.09      0.000      0.000         0         0      9668    675408    0    0         0.00
parallel35       03:02:14       27.22       27.10        0.01        0.00        0.00        0.00      605.31      0.000      0.000         0         0      9668    675408    0    0         0.00
parallel35       03:02:14       27.22       27.11        0.01        0.01        0.00        0.00      605.31      0.000      0.000         0         0      9668    675408    0    0         0.00
parallel35       03:02:14       27.23       27.10        0.01        0.00        0.00        0.00      605.32      0.000      0.000         0         0      9668    675408    0    0         0.00
parallel35       03:02:14       27.23       27.15        0.01        0.00        0.00        0.00      604.88      0.000      0.000         0         0      9668    675408    0    0         0.00
parallel35       03:02:14       27.23       27.10        0.08        0.00        0.00        0.00      605.18      0.000      0.000         0         0      9668    675408    0    0         0.00
parallel35       03:02:14       27.23       27.11        0.01        0.01        0.00        0.00      605.31      0.000      0.000         0         0      9668    675408    0    0         0.00
parallel35       03:02:14       27.22       27.08        0.02        0.01        0.00        0.00      605.17      0.000      0.000         0         0      9668    675408    0    0         0.00
parallel35       03:02:14       27.22       27.11        0.06        0.00        0.00        0.00      605.27      0.000      0.000         0         0      9668    675408    0    0         0.00
parallel35       03:02:14       27.23       27.08        0.02        0.00        0.00        0.00      605.33      0.000      0.000         0         0      9668    675408    0    0         0.00
parallel35       03:02:14       27.22       27.11        0.01        0.00        0.00        0.00      605.31      0.000      0.000         0         0      9668    675408    0    0         0.00
parallel35       03:02:14       27.22       27.10        0.06        0.00        0.00        0.00      605.33      0.000      0.000         0         0      9668    675408    0    0         0.00
parallel35       03:02:14       27.23       27.15        0.01        0.00        0.00        0.00      604.88      0.000      0.000         0         0      9668    675408    0    0         0.00
parallel35       03:02:14       27.23       27.15        0.05        0.00        0.00        0.00      604.88      0.000      0.000         0         0      9668    675408    0    0         0.00
parallel35       03:02:14       27.21       27.11        0.06        0.00        0.00        0.00      605.27      0.000      0.000         0         0      9668    675408    0    0         0.00
parallel35       03:02:14       27.22       27.11        0.01        0.00        0.00        0.00      605.31      0.000      0.000         0         0      9668    675408    0    0         0.00
parallel35       03:02:14       27.34        0.00        0.12        0.00        0.00        0.00      605.35      0.000      0.000         0         0      9668    675408    0    0         0.00
parallel35       03:02:13       28.12       27.10        0.81        0.00        0.00        0.00      588.57      0.560      0.000       615         1      9668    675408    0    0         0.00
rm               03:02:41        0.00        0.00        0.01        0.00        0.00        0.00        0.00      0.004      0.000         8         0       688      5332    0    0         0.00
omplace          03:02:13       28.19        0.01        0.00        0.00        0.00        0.00       14.04      0.049      0.000        48         1      1652     12740    0    0         0.00


Job CSA Accounting - Summary Report
====================================

Job Accounting File Name         : /tmp/.jacct8884
Operating System                 : Linux bl1.psc.teragrid.org 2.6.32.29-0.3.1.2687.3.PTF-default #1 SMP 2011-02-25 13:36:59 +0100 x86_64
User Name (ID)                   : bparr (45460)
Group Name (ID)                  : ac3bdhp (13825)
Project Name (ID)                : ? (0)
Job ID                           : 0x8884
Report Starts                    : 04/21/11 02:52:52
Report Ends                      : 04/21/11 03:02:41
Elapsed Time                     :          589      Seconds
User CPU Time                    :         4946.3240 Seconds
System CPU Time                  :           15.3880 Seconds
CPU Time Core Memory Integral    :        28758.4271 Mbyte-seconds
CPU Time Virtual Memory Integral :      1796058.2631 Mbyte-seconds
Maximum Core Memory Used         :            9.4414 Mbytes
Maximum Virtual Memory Used      :          659.5781 Mbytes
Characters Read                  :            4.3239 Mbytes
Characters Written               :            0.1013 Mbytes
Logical I/O Read Requests        :         5347
Logical I/O Write Requests       :          194
CPU Delay                        :            0.5112 Seconds
Block I/O Delay                  :            0.2122 Seconds
Swap In Delay                    :            0.0000 Seconds
Number of Commands               :          329
System Billing Units             :            0.0000
