module: Command not found.
ja
cd /bessemer/bparr
cp /usr/users/0/bparr/kenken/parallel parallel39
cp /usr/users/0/bparr/kenken/input/39minutes.txt p39minutes.txt
setenv OMP_NUM_THREADS 32
omplace -nt 32 ./parallel39 2 p39minutes.txt
12 6 2 10 11 7 4 3 9 1 5 8
10 8 5 4 2 1 9 6 3 7 12 11
6 4 7 5 1 8 12 10 2 11 3 9
3 7 1 2 10 5 11 12 6 8 9 4
1 10 4 8 9 6 5 2 11 12 7 3
5 12 11 3 8 9 10 7 1 4 2 6
4 9 3 12 7 11 6 5 8 2 10 1
9 1 10 6 3 2 8 11 12 5 4 7
8 11 12 9 5 3 1 4 7 10 6 2
11 2 6 1 12 10 7 9 4 3 8 5
2 5 8 7 6 4 3 1 10 9 11 12
7 3 9 11 4 12 2 8 5 6 1 10
Nodes Visited: 2689319423
Computation Time = 1532743.329 millisecs
      Total Time = 1532947.970 millisecs
omplace -nt 32 ./parallel39 4 p39minutes.txt
12 6 2 10 11 7 4 3 9 1 5 8
10 8 5 4 2 1 9 6 3 7 12 11
6 4 7 5 1 8 12 10 2 11 3 9
3 7 1 2 10 5 11 12 6 8 9 4
1 10 4 8 9 6 5 2 11 12 7 3
5 12 11 3 8 9 10 7 1 4 2 6
4 9 3 12 7 11 6 5 8 2 10 1
9 1 10 6 3 2 8 11 12 5 4 7
8 11 12 9 5 3 1 4 7 10 6 2
11 2 6 1 12 10 7 9 4 3 8 5
2 5 8 7 6 4 3 1 10 9 11 12
7 3 9 11 4 12 2 8 5 6 1 10
Nodes Visited: 2938697169
Computation Time = 834944.908 millisecs
      Total Time = 835124.875 millisecs
omplace -nt 32 ./parallel39 8 p39minutes.txt
12 6 2 10 11 7 4 3 9 1 5 8
10 8 5 4 2 1 9 6 3 7 12 11
6 4 7 5 1 8 12 10 2 11 3 9
3 7 1 2 10 5 11 12 6 8 9 4
1 10 4 8 9 6 5 2 11 12 7 3
5 12 11 3 8 9 10 7 1 4 2 6
4 9 3 12 7 11 6 5 8 2 10 1
9 1 10 6 3 2 8 11 12 5 4 7
8 11 12 9 5 3 1 4 7 10 6 2
11 2 6 1 12 10 7 9 4 3 8 5
2 5 8 7 6 4 3 1 10 9 11 12
7 3 9 11 4 12 2 8 5 6 1 10
Nodes Visited: 6011145930
Computation Time = 844158.071 millisecs
      Total Time = 844346.605 millisecs
omplace -nt 32 ./parallel39 16 p39minutes.txt
12 6 2 10 11 7 4 3 9 1 5 8
10 8 5 4 2 1 9 6 3 7 12 11
6 4 7 5 1 8 12 10 2 11 3 9
3 7 1 2 10 5 11 12 6 8 9 4
1 10 4 8 9 6 5 2 11 12 7 3
5 12 11 3 8 9 10 7 1 4 2 6
4 9 3 12 7 11 6 5 8 2 10 1
9 1 10 6 3 2 8 11 12 5 4 7
8 11 12 9 5 3 1 4 7 10 6 2
11 2 6 1 12 10 7 9 4 3 8 5
2 5 8 7 6 4 3 1 10 9 11 12
7 3 9 11 4 12 2 8 5 6 1 10
Nodes Visited: 5943704360
Computation Time = 417557.577 millisecs
      Total Time = 417791.781 millisecs
omplace -nt 32 ./parallel39 24 p39minutes.txt
12 6 2 10 11 7 4 3 9 1 5 8
10 8 5 4 2 1 9 6 3 7 12 11
6 4 7 5 1 8 12 10 2 11 3 9
3 7 1 2 10 5 11 12 6 8 9 4
1 10 4 8 9 6 5 2 11 12 7 3
5 12 11 3 8 9 10 7 1 4 2 6
4 9 3 12 7 11 6 5 8 2 10 1
9 1 10 6 3 2 8 11 12 5 4 7
8 11 12 9 5 3 1 4 7 10 6 2
11 2 6 1 12 10 7 9 4 3 8 5
2 5 8 7 6 4 3 1 10 9 11 12
7 3 9 11 4 12 2 8 5 6 1 10
Nodes Visited: 9782629737
Computation Time = 460112.324 millisecs
      Total Time = 460391.049 millisecs
omplace -nt 32 ./parallel39 32 p39minutes.txt
12 6 2 10 11 7 4 3 9 1 5 8
10 8 5 4 2 1 9 6 3 7 12 11
6 4 7 5 1 8 12 10 2 11 3 9
3 7 1 2 10 5 11 12 6 8 9 4
1 10 4 8 9 6 5 2 11 12 7 3
5 12 11 3 8 9 10 7 1 4 2 6
4 9 3 12 7 11 6 5 8 2 10 1
9 1 10 6 3 2 8 11 12 5 4 7
8 11 12 9 5 3 1 4 7 10 6 2
11 2 6 1 12 10 7 9 4 3 8 5
2 5 8 7 6 4 3 1 10 9 11 12
7 3 9 11 4 12 2 8 5 6 1 10
Nodes Visited: 12407068224
Computation Time = 437380.143 millisecs
      Total Time = 437498.967 millisecs
ja -chlst


Job Accounting - Command Report
===============================

    Command       Started    Elapsed    User CPU    Sys CPU       CPU      Block I/O    Swap In      CPU MEM        Characters           Logical I/O      CoreMem   VirtMem   Ex
     Name           At       Seconds    Seconds     Seconds    Delay Secs  Delay Secs  Delay Secs  Avg Mbytes     Read     Written     Read      Write    HiValue   HiValue   St   Ni  Fl   SBU's 
===============  ========  ==========  ==========  ==========  ==========  ==========  ==========  ==========  =========  =========  ========  ========  ========  ========  ===  ===  ==  =======
# CFG   ON(    1) (    7)  02:56:31 04/21/2011  System:  Linux bl0.psc.teragrid.org 2.6.32.29-0.3.1.2687.3.PTF-default #1 SMP 2011-02-25 13:36:59 +0100 x86_64
ja               02:56:31        0.01        0.00        0.00        0.00        0.00        0.00       23.74      0.019      0.000        19         4      1056     23756    0    0         0.00
cp               02:56:32        0.20        0.00        0.02        0.00        0.00        0.00       14.68      0.102      0.093        18         2       964     15816    0    0         0.00
cp               02:56:32        0.21        0.00        0.01        0.00        0.00        0.00       13.43      0.011      0.001        18         2       872     15816    0    0         0.00
expr             02:56:32        0.00        0.00        0.01        0.00        0.00        0.00        0.00      0.004      0.000         8         1       672      5316    0    0         0.00
omplace          02:56:32        0.00        0.00        0.01        0.00        0.00        0.00        0.00      0.000      0.000         0         1       864     12740    0    0  F      0.00
omplace          02:56:32        0.01        0.00        0.00        0.00        0.00        0.00       13.11      0.000      0.000         0         0       880     12736    0    0  F      0.00
omplace          02:56:32        0.00        0.00        0.01        0.00        0.00        0.00        0.00      0.000      0.000         0         1       872     12740    0    0  F      0.00
sed              02:56:32        0.01        0.00        0.01        0.00        0.00        0.00        0.00      0.004      0.000        10         1       804      5388    0    0         0.00
omplace          02:56:32        0.01        0.00        0.00        0.00        0.00        0.00       13.08      0.000      0.000         0         0       880     12736    0    0  F      0.00
omplace          02:56:32        0.00        0.00        0.01        0.00        0.00        0.00        0.00      0.000      0.000         0         1       876     12740    0    0  F      0.00
egrep            02:56:32        0.01        0.00        0.00        0.00        0.00        0.00        0.09      0.004      0.000        10         0       824      5364    1    0         0.00
omplace          02:56:32        0.02        0.00        0.01        0.00        0.00        0.00       13.10      0.000      0.000         0         0       884     12736    1    0  F      0.00
omplace          02:56:32        0.00        0.00        0.01        0.00        0.00        0.00        0.00      0.000      0.000         0         1       876     12740    0    0  F      0.00
cut              02:56:32        0.00        0.00        0.00        0.00        0.00        0.00       13.02      0.004      0.000        10         1       708      5328    0    0         0.00
omplace          02:56:32        0.00        0.00        0.01        0.00        0.00        0.00        0.00      0.000      0.000         0         0       888     12736    0    0  F      0.00
omplace          02:56:32        0.00        0.00        0.01        0.00        0.00        0.00        0.00      0.000      0.000         0         1       872     12740    0    0  F      0.00
grep             02:56:32        0.00        0.00        0.01        0.00        0.00        0.00        0.00      0.004      0.000        10         0       820      5516    1    0         0.00
cut              02:56:32        0.00        0.00        0.01        0.00        0.00        0.00        0.00      0.004      0.000        10         1       712      5328    0    0         0.00
omplace          02:56:32        0.00        0.00        0.01        0.00        0.00        0.00        0.00      0.000      0.000         0         0       888     12736    0    0  F      0.00
omplace          02:56:32        0.00        0.00        0.01        0.00        0.00        0.00        0.00      0.000      0.000         0         1       876     12740    0    0  F      0.00
cut              02:56:32        0.00        0.00        0.01        0.00        0.00        0.00        0.00      0.004      0.000        10         1       708      5328    0    0         0.00
omplace          02:56:32        0.01        0.00        0.00        0.00        0.00        0.00       13.04      0.000      0.000         0         0       888     12736    0    0  F      0.00
seq              02:56:32        0.00        0.00        0.00        0.00        0.00        0.00        0.27      0.004      0.000         8         1       736      5312    0    0         0.00
omplace          02:56:32        0.01        0.00        0.00        0.00        0.00        0.00       13.26      0.000      0.000         0         0       952     12736    0    0  F      0.00
omplace          02:56:32        0.11        0.00        0.03        0.00        0.00        0.00       13.20      0.000      0.000        14         1      1072     12740    0    0  F      0.00
omplace          02:56:32        0.00        0.00        0.01        0.00        0.00        0.00        0.00      0.000      0.000         0         1       868     12740    0    0  F      0.00
wc               02:56:32        0.00        0.00        0.00        0.00        0.00        0.00        4.35      0.004      0.000        10         1       752      5312    0    0         0.00
omplace          02:56:32        0.01        0.00        0.01        0.00        0.00        0.00        0.00      0.000      0.000         0         0       872     12736    0    0  F      0.00
expr             02:56:32        0.00        0.00        0.00        0.00        0.00        0.00        4.34      0.004      0.000         8         1       668      5316    0    0         0.00
cat              02:56:32        0.00        0.00        0.00        0.00        0.00        0.00       13.00      0.004      0.000        10         2       676      5324    0    0         0.00
expr             02:56:32        0.00        0.00        0.00        0.00        0.00        0.00        0.27      0.004      0.000         8         1       664      5316    0    0         0.00
expr             02:56:32        0.00        0.00        0.00        0.00        0.00        0.00        0.37      0.004      0.000         8         1       672      5316    0    0         0.00
expr             02:56:32        0.00        0.00        0.01        0.00        0.00        0.00        0.00      0.004      0.000         8         1       668      5316    1    0         0.00
cat              02:56:32        0.02        0.00        0.01        0.00        0.00        0.00       13.10      0.004      0.000        12         2       672      5324    0    0         0.00
expr             02:56:32        0.00        0.00        0.01        0.00        0.00        0.00        0.00      0.004      0.000         8         1       668      5316    0    0         0.00
omplace          02:56:32        0.00        0.00        0.01        0.00        0.00        0.00        0.00      0.000      0.000         0         1      1008     12740    0    0  F      0.00
parallel39       02:56:34     1532.75     1532.32        0.00        0.19        0.41        0.00       89.04      0.000      0.000         0         0      2320    154492    0    0         0.00
parallel39       02:56:34     1532.80        0.00        6.56        0.04        0.00        0.00       89.04      0.000      0.000         0         0      2320    154492    0    0         0.00
parallel39       02:56:32     1534.06     1532.33        0.83        0.17        0.41        0.00       89.00      0.550      0.000       613         1      2320    154492    0    0         0.00
rm               03:22:06        0.00        0.00        0.00        0.00        0.00        0.00        0.27      0.004      0.000         8         0       688      5328    0    0         0.00
omplace          02:56:32     1534.29        0.00        0.05        0.00        0.00        0.00       13.98      0.049      0.000        48         1      1656     12736    0    0         0.00
cpuset           03:22:06        0.01        0.00        0.01        0.00        0.00        0.00        6.71      0.004      0.000         9         1       560      8104    0    0         0.00
cpuset           03:22:06        0.00        0.00        0.00        0.00        0.00        0.00        0.34      0.008      0.000        30         1       680      8104    0    0         0.00
expr             03:22:06        0.00        0.00        0.00        0.00        0.00        0.00        0.27      0.004      0.000         8         1       664      5316    0    0         0.00
omplace          03:22:06        0.00        0.00        0.01        0.00        0.00        0.00        0.00      0.000      0.000         0         1       860     12740    0    0  F      0.00
sed              03:22:06        0.00        0.00        0.00        0.00        0.00        0.00        5.88      0.004      0.000        10         1       804      5388    0    0         0.00
omplace          03:22:06        0.01        0.00        0.01        0.00        0.00        0.00       13.09      0.000      0.000         0         0       876     12736    0    0  F      0.00
omplace          03:22:06        0.00        0.00        0.01        0.00        0.00        0.00        0.00      0.000      0.000         0         1       868     12740    0    0  F      0.00
sed              03:22:06        0.00        0.00        0.01        0.00        0.00        0.00        0.00      0.004      0.000        10         1       804      5388    0    0         0.00
omplace          03:22:06        0.01        0.00        0.01        0.00        0.00        0.00       13.09      0.000      0.000         0         0       876     12736    0    0  F      0.00
omplace          03:22:06        0.00        0.00        0.01        0.00        0.00        0.00        0.00      0.000      0.000         0         1       872     12740    0    0  F      0.00
egrep            03:22:06        0.00        0.00        0.01        0.00        0.00        0.00        0.00      0.004      0.000        10         0       820      5364    1    0         0.00
omplace          03:22:06        0.01        0.00        0.00        0.00        0.00        0.00       13.11      0.000      0.000         0         0       880     12736    1    0  F      0.00
cut              03:22:06        0.00        0.00        0.01        0.00        0.00        0.00        0.00      0.004      0.000        10         1       716      5328    0    0         0.00
omplace          03:22:06        0.01        0.00        0.00        0.00        0.00        0.00       13.10      0.000      0.000         0         0       884     12736    0    0  F      0.00
omplace          03:22:06        0.00        0.00        0.01        0.00        0.00        0.00        0.00      0.000      0.000         0         1       868     12740    0    0  F      0.00
grep             03:22:06        0.00        0.00        0.01        0.00        0.00        0.00        0.00      0.004      0.000        10         0       820      5516    1    0         0.00
omplace          03:22:06        0.00        0.00        0.01        0.00        0.00        0.00        0.00      0.000      0.000         0         1       872     12740    0    0  F      0.00
cut              03:22:06        0.01        0.00        0.00        0.00        0.00        0.00        0.02      0.004      0.000        10         1       708      5328    0    0         0.00
omplace          03:22:06        0.01        0.00        0.01        0.00        0.00        0.00       13.10      0.000      0.000         0         0       884     12736    0    0  F      0.00
omplace          03:22:06        0.00        0.00        0.01        0.00        0.00        0.00        0.00      0.000      0.000         0         1       872     12740    0    0  F      0.00
cut              03:22:06        0.01        0.00        0.00        0.00        0.00        0.00        4.37      0.004      0.000        10         1       712      5328    0    0         0.00
omplace          03:22:06        0.01        0.00        0.01        0.00        0.00        0.00       13.10      0.000      0.000         0         0       884     12736    0    0  F      0.00
seq              03:22:06        0.01        0.00        0.00        0.00        0.00        0.00        0.27      0.004      0.000         8         1       740      5312    0    0         0.00
omplace          03:22:06        0.01        0.00        0.00        0.00        0.00        0.00       13.23      0.000      0.000         0         0       948     12736    0    0  F      0.00
omplace          03:22:06        0.13        0.00        0.01        0.00        0.00        0.00       13.20      0.000      0.000        14         1      1068     12740    0    0  F      0.00
omplace          03:22:06        0.01        0.00        0.01        0.00        0.00        0.00        0.00      0.000      0.000         0         1       864     12740    0    0  F      0.00
wc               03:22:06        0.01        0.00        0.00        0.00        0.00        0.00        0.27      0.004      0.000        10         1       756      5312    0    0         0.00
omplace          03:22:06        0.02        0.00        0.02        0.00        0.00        0.00       13.08      0.000      0.000         0         0       868     12736    0    0  F      0.00
expr             03:22:06        0.00        0.00        0.00        0.00        0.00        0.00        0.28      0.004      0.000         8         1       668      5316    0    0         0.00
cat              03:22:06        0.01        0.00        0.00        0.00        0.00        0.00       13.00      0.004      0.000        10         2       672      5324    0    0         0.00
expr             03:22:06        0.00        0.00        0.00        0.00        0.00        0.00        0.27      0.004      0.000         8         1       664      5316    0    0         0.00
expr             03:22:06        0.00        0.00        0.01        0.00        0.00        0.00        0.00      0.004      0.000         8         1       664      5316    0    0         0.00
expr             03:22:06        0.00        0.00        0.00        0.00        0.00        0.00        0.27      0.004      0.000         8         1       668      5316    1    0         0.00
cat              03:22:06        0.01        0.00        0.01        0.00        0.00        0.00       13.10      0.004      0.000        12         2       676      5324    0    0         0.00
expr             03:22:06        0.00        0.00        0.00        0.00        0.00        0.00        0.27      0.004      0.000         8         1       664      5316    0    0         0.00
omplace          03:22:06        0.00        0.00        0.01        0.00        0.00        0.00        0.00      0.000      0.000         0         1      1004     12740    0    0  F      0.00
parallel39       03:22:09      834.96      834.94        0.00        0.09        0.00        0.00      161.90      0.000      0.000         0         0      2792    228496    0    0         0.00
parallel39       03:22:09      834.96      834.94        0.00        0.10        0.00        0.00      161.90      0.000      0.000         0         0      2792    228496    0    0         0.00
parallel39       03:22:09      834.96      834.94        0.01        0.08        0.00        0.00      161.90      0.000      0.000         0         0      2792    228496    0    0         0.00
parallel39       03:22:08      835.08        0.00        2.24        0.02        0.00        0.00      161.90      0.000      0.000         0         0      2792    228496    0    0         0.00
parallel39       03:22:07      836.31      834.96        0.87        0.09        0.02        0.00      161.75      0.550      0.000       613         1      2792    228496    0    0         0.00
rm               03:36:03        0.01        0.00        0.00        0.00        0.00        0.00        0.02      0.004      0.000         8         0       692      5328    0    0         0.00
omplace          03:22:07      836.60        0.00        0.04        0.00        0.00        0.00       12.82      0.049      0.000        48         1      1652     12736    0    0         0.00
cpuset           03:36:03        0.01        0.00        0.01        0.00        0.00        0.00       10.69      0.004      0.000         9         1       560      8104    0    0         0.00
cpuset           03:36:03        0.01        0.00        0.01        0.00        0.00        0.00        0.00      0.008      0.000        30         1       684      8104    0    0         0.00
expr             03:36:03        0.00        0.00        0.00        0.00        0.00        0.00        0.02      0.004      0.000         8         1       664      5316    0    0         0.00
omplace          03:36:03        0.00        0.00        0.01        0.00        0.00        0.00        0.00      0.000      0.000         0         1       860     12740    0    0  F      0.00
sed              03:36:03        0.00        0.00        0.01        0.00        0.00        0.00        0.00      0.004      0.000        10         1       804      5388    0    0         0.00
omplace          03:36:03        0.00        0.00        0.01        0.00        0.00        0.00        0.00      0.000      0.000         0         0       876     12736    0    0  F      0.00
omplace          03:36:03        0.00        0.00        0.01        0.00        0.00        0.00        0.00      0.000      0.000         0         1       868     12740    0    0  F      0.00
sed              03:36:03        0.00        0.00        0.00        0.00        0.00        0.00        0.02      0.004      0.000        10         1       804      5388    0    0         0.00
omplace          03:36:03        0.00        0.00        0.01        0.00        0.00        0.00        0.00      0.000      0.000         0         0       876     12736    0    0  F      0.00
omplace          03:36:03        0.00        0.00        0.01        0.00        0.00        0.00        0.00      0.000      0.000         0         1       872     12740    0    0  F      0.00
egrep            03:36:03        0.01        0.00        0.00        0.00        0.00        0.00        0.33      0.004      0.000        10         0       828      5364    1    0         0.00
omplace          03:36:03        0.01        0.00        0.01        0.00        0.00        0.00       13.09      0.000      0.000         0         0       880     12736    1    0  F      0.00
omplace          03:36:03        0.00        0.00        0.01        0.00        0.00        0.00        0.00      0.000      0.000         0         1       872     12740    0    0  F      0.00
cut              03:36:03        0.00        0.00        0.00        0.00        0.00        0.00       13.15      0.004      0.000        10         1       708      5328    0    0         0.00
omplace          03:36:03        0.01        0.00        0.01        0.00        0.00        0.00        0.00      0.000      0.000         0         0       884     12736    0    0  F      0.00
omplace          03:36:03        0.00        0.00        0.01        0.00        0.00        0.00        0.00      0.000      0.000         0         1       868     12740    0    0  F      0.00
grep             03:36:03        0.00        0.00        0.00        0.00        0.00        0.00        0.02      0.004      0.000        10         0       816      5516    1    0         0.00
omplace          03:36:03        0.00        0.00        0.01        0.00        0.00        0.00        0.00      0.000      0.000         0         1       872     12740    0    0  F      0.00
cut              03:36:03        0.00        0.00        0.00        0.00        0.00        0.00        0.02      0.004      0.000        10         1       716      5328    0    0         0.00
omplace          03:36:03        0.01        0.00        0.01        0.00        0.00        0.00        0.00      0.000      0.000         0         0       884     12736    0    0  F      0.00
omplace          03:36:03        0.00        0.00        0.01        0.00        0.00        0.00        0.00      0.000      0.000         0         1       872     12740    0    0  F      0.00
cut              03:36:03        0.00        0.00        0.01        0.00        0.00        0.00        0.00      0.004      0.000        10         1       708      5328    0    0         0.00
omplace          03:36:03        0.00        0.00        0.01        0.00        0.00        0.00        0.00      0.000      0.000         0         0       884     12736    0    0  F      0.00
seq              03:36:03        0.00        0.00        0.00        0.00        0.00        0.00       12.97      0.004      0.000         8         1       740      5312    0    0         0.00
omplace          03:36:03        0.00        0.00        0.01        0.00        0.00        0.00        0.00      0.000      0.000         0         0       948     12736    0    0  F      0.00
omplace          03:36:03        0.06        0.00        0.02        0.00        0.00        0.00       13.20      0.000      0.000        14         1      1068     12740    0    0  F      0.00
omplace          03:36:03        0.00        0.00        0.01        0.00        0.00        0.00        0.00      0.000      0.000         0         1       864     12740    0    0  F      0.00
wc               03:36:03        0.00        0.00        0.01        0.00        0.00        0.00        0.00      0.004      0.000        10         1       748      5312    0    0         0.00
omplace          03:36:03        0.01        0.00        0.01        0.00        0.00        0.00        0.00      0.000      0.000         0         0       868     12736    0    0  F      0.00
expr             03:36:03        0.00        0.00        0.00        0.00        0.00        0.00        0.02      0.004      0.000         8         1       668      5316    0    0         0.00
cat              03:36:03        0.01        0.00        0.00        0.00        0.00        0.00       13.00      0.004      0.000        10         2       672      5324    0    0         0.00
expr             03:36:03        0.00        0.00        0.00        0.00        0.00        0.00       13.14      0.004      0.000         8         1       668      5316    0    0         0.00
expr             03:36:03        0.01        0.00        0.01        0.00        0.00        0.00        6.56      0.004      0.000         8         1       672      5316    0    0         0.00
expr             03:36:03        0.00        0.00        0.00        0.00        0.00        0.00        4.01      0.004      0.000         8         1       664      5316    1    0         0.00
cat              03:36:03        0.02        0.00        0.01        0.00        0.00        0.00       13.10      0.004      0.000        12         2       676      5324    0    0         0.00
expr             03:36:03        0.01        0.00        0.01        0.00        0.00        0.00        0.00      0.004      0.000         8         1       668      5316    0    0         0.00
omplace          03:36:03        0.00        0.00        0.01        0.00        0.00        0.00        0.00      0.000      0.000         0         1      1004     12740    0    0  F      0.00
parallel39       03:36:04      844.17      844.10        0.03        0.05        0.00        0.00      243.22      0.000      0.000         0         0      3720    310852    0    0         0.00
parallel39       03:36:04      844.17      844.10        0.02        0.05        0.00        0.00      243.22      0.000      0.000         0         0      3720    310852    0    0         0.00
parallel39       03:36:04      844.18      844.10        0.03        0.06        0.00        0.00      243.23      0.000      0.000         0         0      3720    310852    0    0         0.00
parallel39       03:36:04      844.17      844.10        0.01        0.05        0.00        0.00      243.23      0.000      0.000         0         0      3720    310852    0    0         0.00
parallel39       03:36:04      844.19      844.13        0.01        0.05        0.00        0.00      243.22      0.000      0.000         0         0      3720    310852    0    0         0.00
parallel39       03:36:04      844.17      844.14        0.01        0.05        0.00        0.00      243.22      0.000      0.000         0         0      3720    310852    0    0         0.00
parallel39       03:36:04      844.18      844.16        0.02        0.05        0.00        0.00      243.22      0.000      0.000         0         0      3720    310852    0    0         0.00
parallel39       03:36:04      844.28        0.00        0.65        0.02        0.00        0.00      243.23      0.000      0.000         0         0      3720    310852    0    0         0.00
parallel39       03:36:03      845.44      844.14        0.84        0.05        0.00        0.00      243.00      0.550      0.000       613         1      3720    310852    0    0         0.00
rm               03:50:08        0.00        0.00        0.00        0.00        0.00        0.00        4.28      0.004      0.000         8         0       692      5328    0    0         0.00
omplace          03:36:03      845.62        0.00        0.02        0.00        0.00        0.00       13.98      0.049      0.000        48         1      1652     12736    0    0         0.00
cpuset           03:50:08        0.00        0.00        0.00        0.00        0.00        0.00        4.73      0.004      0.000         9         1       556      8104    0    0         0.00
cpuset           03:50:08        0.00        0.00        0.01        0.00        0.00        0.00        0.00      0.008      0.000        30         1       684      8104    0    0         0.00
expr             03:50:08        0.01        0.00        0.01        0.00        0.00        0.00        0.00      0.004      0.000         8         1       664      5316    0    0         0.00
omplace          03:50:08        0.00        0.00        0.01        0.00        0.00        0.00        0.00      0.000      0.000         0         1       864     12740    0    0  F      0.00
sed              03:50:08        0.01        0.00        0.00        0.00        0.00        0.00        0.02      0.004      0.000        10         1       804      5388    0    0         0.00
omplace          03:50:08        0.01        0.00        0.00        0.00        0.00        0.00       13.09      0.000      0.000         0         0       880     12736    0    0  F      0.00
omplace          03:50:08        0.00        0.00        0.01        0.00        0.00        0.00        0.00      0.000      0.000         0         1       872     12740    0    0  F      0.00
sed              03:50:08        0.00        0.00        0.00        0.00        0.00        0.00       13.14      0.004      0.000        10         1       800      5388    0    0         0.00
omplace          03:50:08        0.00        0.00        0.01        0.00        0.00        0.00        0.00      0.000      0.000         0         0       880     12736    0    0  F      0.00
omplace          03:50:08        0.00        0.00        0.01        0.00        0.00        0.00        0.00      0.000      0.000         0         1       876     12740    0    0  F      0.00
egrep            03:50:08        0.00        0.00        0.01        0.00        0.00        0.00        0.00      0.004      0.000        10         0       824      5364    1    0         0.00
omplace          03:50:08        0.01        0.00        0.01        0.00        0.00        0.00        0.00      0.000      0.000         0         0       884     12736    1    0  F      0.00
omplace          03:50:08        0.00        0.00        0.01        0.00        0.00        0.00        0.00      0.000      0.000         0         1       876     12740    0    0  F      0.00
cut              03:50:08        0.01        0.00        0.00        0.00        0.00        0.00       13.11      0.004      0.000        10         1       712      5328    0    0         0.00
omplace          03:50:08        0.01        0.00        0.00        0.00        0.00        0.00       13.10      0.000      0.000         0         0       888     12736    0    0  F      0.00
omplace          03:50:08        0.00        0.00        0.01        0.00        0.00        0.00        0.00      0.000      0.000         0         1       872     12740    0    0  F      0.00
grep             03:50:08        0.00        0.00        0.01        0.00        0.00        0.00        0.00      0.004      0.000        10         0       824      5516    1    0         0.00
omplace          03:50:08        0.00        0.00        0.01        0.00        0.00        0.00        0.00      0.000      0.000         0         1       876     12740    0    0  F      0.00
cut              03:50:08        0.00        0.00        0.00        0.00        0.00        0.00       13.02      0.004      0.000        10         1       712      5328    0    0         0.00
omplace          03:50:08        0.00        0.00        0.01        0.00        0.00        0.00        0.00      0.000      0.000         0         0       888     12736    0    0  F      0.00
cut              03:50:08        0.00        0.00        0.01        0.00        0.00        0.00        0.00      0.004      0.000        10         1       708      5328    0    0         0.00
omplace          03:50:08        0.00        0.00        0.01        0.00        0.00        0.00        0.00      0.000      0.000         0         0       888     12736    0    0  F      0.00
seq              03:50:08        0.00        0.00        0.00        0.00        0.00        0.00        3.98      0.004      0.000         8         1       736      5312    0    0         0.00
omplace          03:50:08        0.00        0.00        0.01        0.00        0.00        0.00        0.00      0.000      0.000         0         0       952     12736    0    0  F      0.00
omplace          03:50:08        0.06        0.00        0.01        0.00        0.00        0.00       13.21      0.000      0.000        14         1      1072     12740    0    0  F      0.00
omplace          03:50:08        0.00        0.00        0.01        0.00        0.00        0.00        0.00      0.000      0.000         0         1       868     12740    0    0  F      0.00
wc               03:50:08        0.00        0.00        0.00        0.00        0.00        0.00        4.04      0.004      0.000        10         1       748      5312    0    0         0.00
omplace          03:50:08        0.01        0.00        0.01        0.00        0.00        0.00        0.00      0.000      0.000         0         0       872     12736    0    0  F      0.00
expr             03:50:08        0.01        0.00        0.00        0.00        0.00        0.00        0.02      0.004      0.000         8         1       664      5316    0    0         0.00
cat              03:50:08        0.00        0.00        0.01        0.00        0.00        0.00        9.42      0.004      0.000        10         2       676      5324    0    0         0.00
expr             03:50:08        0.01        0.00        0.00        0.00        0.00        0.00        0.02      0.004      0.000         8         1       664      5316    0    0         0.00
expr             03:50:08        0.00        0.00        0.00        0.00        0.00        0.00       13.17      0.004      0.000         8         1       664      5316    0    0         0.00
expr             03:50:08        0.00        0.00        0.00        0.00        0.00        0.00        0.27      0.004      0.000         8         1       664      5316    1    0         0.00
cat              03:50:08        0.01        0.00        0.00        0.00        0.00        0.00       13.01      0.004      0.000        12         2       676      5324    0    0         0.00
expr             03:50:08        0.01        0.00        0.01        0.00        0.00        0.00        2.02      0.004      0.000         8         1       664      5316    0    0         0.00
parallel39       03:50:10      417.59      417.48        0.02        0.03        0.00        0.00      406.41      0.000      0.000         0         0      5592    476228    0    0         0.00
parallel39       03:50:10      417.58      417.46        0.04        0.03        0.00        0.00      406.41      0.000      0.000         0         0      5592    476228    0    0         0.00
parallel39       03:50:10      417.59      417.48        0.03        0.03        0.00        0.00      406.41      0.000      0.000         0         0      5592    476228    0    0         0.00
parallel39       03:50:10      417.59      417.44        0.04        0.03        0.00        0.00      406.41      0.000      0.000         0         0      5592    476228    0    0         0.00
parallel39       03:50:10      417.59      417.45        0.03        0.03        0.00        0.00      406.42      0.000      0.000         0         0      5592    476228    0    0         0.00
parallel39       03:50:10      417.58      417.44        0.02        0.03        0.00        0.00      406.42      0.000      0.000         0         0      5592    476228    0    0         0.00
parallel39       03:50:10      417.59      417.44        0.03        0.03        0.00        0.00      406.42      0.000      0.000         0         0      5592    476228    0    0         0.00
parallel39       03:50:10      417.61      417.49        0.02        0.03        0.00        0.00      406.41      0.000      0.000         0         0      5592    476228    0    0         0.00
parallel39       03:50:10      417.59      417.54        0.04        0.03        0.00        0.00      406.40      0.000      0.000         0         0      5592    476228    0    0         0.00
parallel39       03:50:10      417.59      417.56        0.03        0.03        0.00        0.00      406.39      0.000      0.000         0         0      5592    476228    0    0         0.00
parallel39       03:50:10      417.59      417.52        0.03        0.02        0.00        0.00      406.40      0.000      0.000         0         0      5592    476228    0    0         0.00
parallel39       03:50:10      417.59      417.45        0.04        0.03        0.00        0.00      406.42      0.000      0.000         0         0      5592    476228    0    0         0.00
parallel39       03:50:10      417.62      417.48        0.04        0.03        0.00        0.00      406.41      0.000      0.000         0         0      5592    476228    0    0         0.00
parallel39       03:50:10      417.60      417.52        0.03        0.03        0.00        0.00      406.40      0.000      0.000         0         0      5592    476228    0    0         0.00
parallel39       03:50:10      417.59      417.51        0.03        0.03        0.00        0.00      406.40      0.000      0.000         0         0      5592    476228    0    0         0.00
parallel39       03:50:10      417.69        0.00        1.26        0.01        0.00        0.00      406.42      0.000      0.000         0         0      5592    476228    0    0         0.00
parallel39       03:50:09      418.85      417.50        0.86        0.03        0.00        0.00      405.62      0.550      0.000       613         1      5592    476228    0    0         0.00
rm               03:57:07        0.01        0.00        0.01        0.00        0.00        0.00        0.00      0.004      0.000         8         0       692      5328    0    0         0.00
omplace          03:50:08      419.04        0.00        0.03        0.00        0.00        0.00       13.99      0.049      0.000        48         1      1656     12736    0    0         0.00
cpuset           03:57:07        0.01        0.00        0.00        0.00        0.00        0.00        8.22      0.004      0.000         9         1       556      8104    0    0         0.00
cpuset           03:57:07        0.00        0.00        0.00        0.00        0.00        0.00        0.28      0.008      0.000        30         1       680      8104    0    0         0.00
expr             03:57:07        0.00        0.00        0.01        0.00        0.00        0.00        0.00      0.004      0.000         8         1       668      5316    0    0         0.00
omplace          03:57:07        0.00        0.00        0.01        0.00        0.00        0.00       10.63      0.000      0.000         0         1       864     12740    0    0  F      0.00
sed              03:57:07        0.01        0.00        0.01        0.00        0.00        0.00        0.00      0.004      0.000        10         1       808      5388    0    0         0.00
omplace          03:57:07        0.01        0.00        0.00        0.00        0.00        0.00       13.09      0.000      0.000         0         0       880     12736    0    0  F      0.00
omplace          03:57:07        0.00        0.00        0.01        0.00        0.00        0.00        0.00      0.000      0.000         0         1       872     12740    0    0  F      0.00
sed              03:57:07        0.01        0.00        0.00        0.00        0.00        0.00        0.34      0.004      0.000        10         1       804      5388    0    0         0.00
omplace          03:57:07        0.01        0.00        0.00        0.00        0.00        0.00       13.09      0.000      0.000         0         0       880     12736    0    0  F      0.00
omplace          03:57:07        0.00        0.00        0.01        0.00        0.00        0.00        0.00      0.000      0.000         0         1       876     12740    0    0  F      0.00
egrep            03:57:07        0.00        0.00        0.01        0.00        0.00        0.00        0.00      0.004      0.000        10         0       820      5364    1    0         0.00
omplace          03:57:07        0.00        0.00        0.01        0.00        0.00        0.00        0.00      0.000      0.000         0         0       884     12736    1    0  F      0.00
omplace          03:57:07        0.00        0.00        0.01        0.00        0.00        0.00        0.00      0.000      0.000         0         1       876     12740    0    0  F      0.00
cut              03:57:07        0.00        0.00        0.00        0.00        0.00        0.00        4.06      0.004      0.000        10         1       712      5328    0    0         0.00
omplace          03:57:07        0.01        0.00        0.01        0.00        0.00        0.00        0.00      0.000      0.000         0         0       888     12736    0    0  F      0.00
omplace          03:57:07        0.00        0.00        0.01        0.00        0.00        0.00        0.00      0.000      0.000         0         1       872     12740    0    0  F      0.00
grep             03:57:07        0.00        0.00        0.01        0.00        0.00        0.00        6.74      0.004      0.000        10         0       816      5516    1    0         0.00
omplace          03:57:07        0.00        0.00        0.01        0.00        0.00        0.00        0.00      0.000      0.000         0         1       876     12740    0    0  F      0.00
cut              03:57:07        0.00        0.00        0.00        0.00        0.00        0.00        0.28      0.004      0.000        10         1       712      5328    0    0         0.00
omplace          03:57:07        0.00        0.00        0.01        0.00        0.00        0.00        0.00      0.000      0.000         0         0       888     12736    0    0  F      0.00
omplace          03:57:07        0.00        0.00        0.01        0.00        0.00        0.00        0.00      0.000      0.000         0         1       876     12740    0    0  F      0.00
cut              03:57:07        0.00        0.00        0.01        0.00        0.00        0.00        0.00      0.004      0.000        10         1       716      5328    0    0         0.00
omplace          03:57:07        0.01        0.00        0.00        0.00        0.00        0.00       13.09      0.000      0.000         0         0       888     12736    0    0  F      0.00
seq              03:57:07        0.00        0.00        0.01        0.00        0.00        0.00        0.00      0.004      0.000         8         1       736      5312    0    0         0.00
omplace          03:57:07        0.01        0.00        0.01        0.00        0.00        0.00        0.00      0.000      0.000         0         0       952     12736    0    0  F      0.00
omplace          03:57:07        0.07        0.00        0.02        0.00        0.00        0.00       13.22      0.000      0.000        14         1      1072     12740    0    0  F      0.00
omplace          03:57:08        0.00        0.00        0.01        0.00        0.00        0.00        0.00      0.000      0.000         0         1       868     12740    0    0  F      0.00
wc               03:57:08        0.00        0.00        0.01        0.00        0.00        0.00        0.00      0.004      0.000        10         1       756      5312    0    0         0.00
omplace          03:57:08        0.01        0.00        0.00        0.00        0.00        0.00       13.07      0.000      0.000         0         0       872     12736    0    0  F      0.00
expr             03:57:08        0.00        0.00        0.01        0.00        0.00        0.00        0.00      0.004      0.000         8         1       664      5316    0    0         0.00
cat              03:57:08        0.01        0.00        0.01        0.00        0.00        0.00        6.51      0.004      0.000        10         2       676      5324    0    0         0.00
expr             03:57:08        0.01        0.00        0.00        0.00        0.00        0.00        0.27      0.004      0.000         8         1       668      5316    0    0         0.00
expr             03:57:08        0.00        0.00        0.00        0.00        0.00        0.00        0.38      0.004      0.000         8         1       664      5316    1    0         0.00
cat              03:57:08        0.01        0.00        0.01        0.00        0.00        0.00        6.65      0.004      0.000        12         2       672      5324    0    0         0.00
expr             03:57:08        0.00        0.00        0.01        0.00        0.00        0.00        0.00      0.004      0.000         8         1       664      5316    0    0         0.00
omplace          03:57:08        0.00        0.00        0.01        0.00        0.00        0.00        0.00      0.000      0.000         0         1      1008     12740    0    0  F      0.00
parallel39       03:57:09      460.21      459.96        0.02        0.03        0.00        0.00      505.30      0.000      0.000         0         0      7440    575544    0    0         0.00
parallel39       03:57:09      460.22      459.98        0.01        0.03        0.00        0.00      505.31      0.000      0.000         0         0      7440    575544    0    0         0.00
parallel39       03:57:09      460.17      459.99        0.02        0.03        0.00        0.00      505.30      0.000      0.000         0         0      7440    575544    0    0         0.00
parallel39       03:57:09      460.19      459.97        0.02        0.03        0.00        0.00      505.31      0.000      0.000         0         0      7440    575544    0    0         0.00
parallel39       03:57:09      460.20      459.98        0.02        0.03        0.00        0.00      505.30      0.000      0.000         0         0      7440    575544    0    0         0.00
parallel39       03:57:09      460.14      460.00        0.02        0.03        0.00        0.00      505.30      0.000      0.000         0         0      7440    575544    0    0         0.00
parallel39       03:57:09      460.13      460.04        0.01        0.03        0.00        0.00      505.28      0.000      0.000         0         0      7440    575544    0    0         0.00
parallel39       03:57:09      460.15      460.00        0.00        0.03        0.00        0.00      505.30      0.000      0.000         0         0      7440    575544    0    0         0.00
parallel39       03:57:09      460.15      460.05        0.02        0.03        0.00        0.00      505.29      0.000      0.000         0         0      7440    575544    0    0         0.00
parallel39       03:57:09      460.14      460.00        0.02        0.03        0.00        0.00      505.29      0.000      0.000         0         0      7440    575544    0    0         0.00
parallel39       03:57:09      460.20      459.98        0.02        0.03        0.00        0.00      505.31      0.000      0.000         0         0      7440    575544    0    0         0.00
parallel39       03:57:09      460.14      460.06        0.01        0.03        0.00        0.00      505.28      0.000      0.000         0         0      7440    575544    0    0         0.00
parallel39       03:57:09      460.13      460.04        0.01        0.03        0.00        0.00      505.28      0.000      0.000         0         0      7440    575544    0    0         0.00
parallel39       03:57:09      460.16      460.00        0.02        0.03        0.00        0.00      505.31      0.000      0.000         0         0      7440    575544    0    0         0.00
parallel39       03:57:09      460.16      459.98        0.02        0.03        0.00        0.00      505.31      0.000      0.000         0         0      7440    575544    0    0         0.00
parallel39       03:57:09      460.16      460.00        0.04        0.03        0.00        0.00      505.30      0.000      0.000         0         0      7440    575544    0    0         0.00
parallel39       03:57:09      460.14      459.96        0.02        0.03        0.00        0.00      505.31      0.000      0.000         0         0      7440    575544    0    0         0.00
parallel39       03:57:09      460.19      459.97        0.02        0.03        0.00        0.00      505.31      0.000      0.000         0         0      7440    575544    0    0         0.00
parallel39       03:57:09      460.16      460.03        0.02        0.03        0.00        0.00      505.29      0.000      0.000         0         0      7440    575544    0    0         0.00
parallel39       03:57:09      460.16      460.00        0.03        0.03        0.00        0.00      505.31      0.000      0.000         0         0      7440    575544    0    0         0.00
parallel39       03:57:09      460.16      459.98        0.02        0.03        0.00        0.00      505.31      0.000      0.000         0         0      7440    575544    0    0         0.00
parallel39       03:57:09      460.15      459.96        0.04        0.03        0.00        0.00      505.31      0.000      0.000         0         0      7440    575544    0    0         0.00
parallel39       03:57:09      460.14      459.98        0.02        0.03        0.00        0.00      505.30      0.000      0.000         0         0      7440    575544    0    0         0.00
parallel39       03:57:09      460.24        0.01        0.31        0.01        0.00        0.00      505.29      0.000      0.000         0         0      7440    575544    0    0         0.00
parallel39       03:57:08      461.42      459.97        0.92        0.04        0.00        0.00      504.38      0.550      0.000       613         1      7440    575544    0    0         0.00
rm               04:04:49        0.00        0.00        0.00        0.00        0.00        0.00        0.29      0.004      0.000         8         0       692      5328    0    0         0.00
omplace          03:57:08      461.64        0.01        0.04        0.00        0.00        0.00       12.84      0.049      0.000        48         1      1656     12736    0    0         0.00
cpuset           04:04:49        0.00        0.00        0.00        0.00        0.00        0.00        8.26      0.004      0.000         9         1       560      8104    0    0         0.00
cpuset           04:04:49        0.00        0.00        0.00        0.00        0.00        0.00        0.28      0.008      0.000        30         1       684      8104    0    0         0.00
expr             04:04:49        0.00        0.00        0.00        0.00        0.00        0.00        0.28      0.004      0.000         8         1       668      5316    0    0         0.00
omplace          04:04:49        0.00        0.00        0.01        0.00        0.00        0.00        0.00      0.000      0.000         0         1       860     12740    0    0  F      0.00
sed              04:04:49        0.00        0.00        0.01        0.00        0.00        0.00        0.00      0.004      0.000        10         1       804      5388    0    0         0.00
omplace          04:04:49        0.01        0.00        0.00        0.00        0.00        0.00       13.10      0.000      0.000         0         0       876     12736    0    0  F      0.00
sed              04:04:49        0.00        0.00        0.00        0.00        0.00        0.00       13.14      0.004      0.000        10         1       804      5388    0    0         0.00
omplace          04:04:49        0.01        0.00        0.00        0.00        0.00        0.00       13.10      0.000      0.000         0         0       876     12736    0    0  F      0.00
omplace          04:04:49        0.00        0.00        0.01        0.00        0.00        0.00        0.00      0.000      0.000         0         1       872     12740    0    0  F      0.00
egrep            04:04:49        0.01        0.00        0.01        0.00        0.00        0.00        6.73      0.004      0.000        10         0       820      5364    1    0         0.00
omplace          04:04:49        0.02        0.00        0.00        0.00        0.00        0.00       13.08      0.000      0.000         0         0       880     12736    1    0  F      0.00
omplace          04:04:49        0.00        0.00        0.01        0.00        0.00        0.00        0.00      0.000      0.000         0         1       872     12740    0    0  F      0.00
cut              04:04:49        0.00        0.00        0.00        0.00        0.00        0.00        0.28      0.004      0.000        10         1       712      5328    0    0         0.00
omplace          04:04:49        0.01        0.00        0.00        0.00        0.00        0.00       13.11      0.000      0.000         0         0       884     12736    0    0  F      0.00
omplace          04:04:49        0.00        0.00        0.01        0.00        0.00        0.00        0.00      0.000      0.000         0         1       868     12740    0    0  F      0.00
grep             04:04:49        0.01        0.00        0.01        0.00        0.00        0.00        4.53      0.004      0.000        10         0       824      5516    1    0         0.00
omplace          04:04:49        0.00        0.00        0.00        0.00        0.00        0.00       12.90      0.000      0.000         0         1       872     12740    0    0  F      0.00
cut              04:04:49        0.00        0.00        0.01        0.00        0.00        0.00        0.00      0.004      0.000        10         1       712      5328    0    0         0.00
omplace          04:04:49        0.01        0.00        0.01        0.00        0.00        0.00       13.11      0.000      0.000         0         0       884     12736    0    0  F      0.00
omplace          04:04:49        0.00        0.00        0.01        0.00        0.00        0.00        0.00      0.000      0.000         0         1       872     12740    0    0  F      0.00
cut              04:04:49        0.00        0.00        0.00        0.00        0.00        0.00        4.06      0.004      0.000        10         1       716      5328    0    0         0.00
omplace          04:04:49        0.01        0.00        0.00        0.00        0.00        0.00       13.11      0.000      0.000         0         0       884     12736    0    0  F      0.00
seq              04:04:49        0.00        0.00        0.01        0.00        0.00        0.00        0.00      0.004      0.000         8         1       740      5312    0    0         0.00
omplace          04:04:49        0.01        0.00        0.00        0.00        0.00        0.00       13.25      0.000      0.000         0         0       948     12736    0    0  F      0.00
omplace          04:04:49        0.12        0.01        0.02        0.00        0.00        0.00       13.20      0.000      0.000        14         1      1068     12740    0    0  F      0.00
omplace          04:04:49        0.00        0.00        0.01        0.00        0.00        0.00        0.00      0.000      0.000         0         1       864     12740    0    0  F      0.00
wc               04:04:49        0.00        0.00        0.00        0.00        0.00        0.00        0.27      0.004      0.000        10         1       752      5312    0    0         0.00
omplace          04:04:49        0.01        0.00        0.01        0.00        0.00        0.00       13.12      0.000      0.000         0         0       868     12736    0    0  F      0.00
expr             04:04:49        0.00        0.00        0.00        0.00        0.00        0.00       13.25      0.004      0.000         8         1       668      5316    0    0         0.00
cat              04:04:49        0.01        0.00        0.01        0.00        0.00        0.00       13.16      0.004      0.000        10         2       676      5324    0    0         0.00
expr             04:04:49        0.00        0.00        0.01        0.00        0.00        0.00        0.00      0.004      0.000         8         1       664      5316    0    0         0.00
expr             04:04:49        0.00        0.00        0.01        0.00        0.00        0.00        0.00      0.004      0.000         8         1       668      5316    0    0         0.00
expr             04:04:49        0.00        0.00        0.00        0.00        0.00        0.00        0.27      0.004      0.000         8         1       668      5316    1    0         0.00
cat              04:04:49        0.01        0.00        0.01        0.00        0.00        0.00       13.09      0.004      0.000        12         2       672      5324    0    0         0.00
expr             04:04:49        0.01        0.00        0.01        0.00        0.00        0.00        0.20      0.004      0.000         8         1       668      5316    0    0         0.00
omplace          04:04:49        0.00        0.00        0.01        0.00        0.00        0.00        0.00      0.000      0.000         0         1      1004     12740    0    0  F      0.00
parallel39       04:04:51      437.43      437.21        0.04        0.02        0.00        0.00      604.16      0.000      0.000         0         0      9328    674728    0    0         0.00
parallel39       04:04:51      437.45      437.24        0.02        0.03        0.00        0.00      604.16      0.000      0.000         0         0      9328    674728    0    0         0.00
parallel39       04:04:51      437.43      437.24        0.01        0.03        0.00        0.00      604.17      0.000      0.000         0         0      9328    674728    0    0         0.00
parallel39       04:04:51      437.43      437.28        0.01        0.03        0.00        0.00      604.12      0.000      0.000         0         0      9328    674728    0    0         0.00
parallel39       04:04:51      437.43      437.18        0.02        0.03        0.00        0.00      604.17      0.000      0.000         0         0      9328    674728    0    0         0.00
parallel39       04:04:51      437.40      437.20        0.02        0.03        0.00        0.00      604.16      0.000      0.000         0         0      9328    674728    0    0         0.00
parallel39       04:04:51      437.40      437.20        0.02        0.03        0.00        0.00      604.17      0.000      0.000         0         0      9328    674728    0    0         0.00
parallel39       04:04:51      437.42      437.22        0.02        0.03        0.00        0.00      604.15      0.000      0.000         0         0      9328    674728    0    0         0.00
parallel39       04:04:51      437.41      437.22        0.02        0.03        0.00        0.00      604.15      0.000      0.000         0         0      9328    674728    0    0         0.00
parallel39       04:04:51      437.40      437.25        0.03        0.03        0.00        0.00      604.16      0.000      0.000         0         0      9328    674728    0    0         0.00
parallel39       04:04:51      437.41      437.26        0.02        0.02        0.00        0.00      604.13      0.000      0.000         0         0      9328    674728    0    0         0.00
parallel39       04:04:51      437.45      437.22        0.02        0.03        0.00        0.00      604.16      0.000      0.000         0         0      9328    674728    0    0         0.00
parallel39       04:04:51      437.43      437.19        0.03        0.03        0.00        0.00      604.16      0.000      0.000         0         0      9328    674728    0    0         0.00
parallel39       04:04:51      437.48      437.22        0.02        0.03        0.00        0.00      604.17      0.000      0.000         0         0      9328    674728    0    0         0.00
parallel39       04:04:51      437.43      437.24        0.03        0.03        0.00        0.00      604.14      0.000      0.000         0         0      9328    674728    0    0         0.00
parallel39       04:04:51      437.43      437.29        0.03        0.03        0.00        0.00      604.16      0.000      0.000         0         0      9328    674728    0    0         0.00
parallel39       04:04:51      437.44      437.21        0.04        0.03        0.00        0.00      604.15      0.000      0.000         0         0      9328    674728    0    0         0.00
parallel39       04:04:51      437.45      437.18        0.04        0.03        0.00        0.00      604.16      0.000      0.000         0         0      9328    674728    0    0         0.00
parallel39       04:04:51      437.42      437.25        0.03        0.02        0.00        0.00      604.14      0.000      0.000         0         0      9328    674728    0    0         0.00
parallel39       04:04:51      437.45      437.28        0.04        0.03        0.00        0.00      604.15      0.000      0.000         0         0      9328    674728    0    0         0.00
parallel39       04:04:51      437.43      437.25        0.03        0.03        0.00        0.00      604.14      0.000      0.000         0         0      9328    674728    0    0         0.00
parallel39       04:04:51      437.41      437.20        0.03        0.03        0.00        0.00      604.16      0.000      0.000         0         0      9328    674728    0    0         0.00
parallel39       04:04:51      437.47      437.20        0.04        0.03        0.00        0.00      604.16      0.000      0.000         0         0      9328    674728    0    0         0.00
parallel39       04:04:51      437.44      437.27        0.04        0.03        0.00        0.00      604.16      0.000      0.000         0         0      9328    674728    0    0         0.00
parallel39       04:04:51      437.45      437.28        0.04        0.03        0.00        0.00      604.12      0.000      0.000         0         0      9328    674728    0    0         0.00
parallel39       04:04:51      437.50      437.20        0.04        0.03        0.00        0.00      604.16      0.000      0.000         0         0      9328    674728    0    0         0.00
parallel39       04:04:51      437.44      437.26        0.06        0.03        0.00        0.00      604.15      0.000      0.000         0         0      9328    674728    0    0         0.00
parallel39       04:04:51      437.48      437.26        0.03        0.03        0.00        0.00      604.16      0.000      0.000         0         0      9328    674728    0    0         0.00
parallel39       04:04:51      437.47      437.26        0.03        0.03        0.00        0.00      604.16      0.000      0.000         0         0      9328    674728    0    0         0.00
parallel39       04:04:51      437.46      437.19        0.04        0.03        0.00        0.00      604.16      0.000      0.000         0         0      9328    674728    0    0         0.00
parallel39       04:04:51      437.51      437.20        0.04        0.03        0.00        0.00      604.16      0.000      0.000         0         0      9328    674728    0    0         0.00
parallel39       04:04:51      437.59        0.01        0.72        0.01        0.00        0.00      604.17      0.000      0.000         0         0      9328    674728    0    0         0.00
parallel39       04:04:50      438.47      437.20        0.94        0.03        0.00        0.00      602.94      0.550      0.000       613         1      9328    674728    0    0         0.00
rm               04:12:08        0.00        0.00        0.00        0.00        0.00        0.00       12.90      0.004      0.000         8         0       696      5328    0    0         0.00
omplace          04:04:50      438.77        0.01        0.06        0.00        0.00        0.00       13.16      0.049      0.000        48         1      1652     12736    0    0         0.00


Job CSA Accounting - Summary Report
====================================

Job Accounting File Name         : /tmp/.jacct8885
Operating System                 : Linux bl0.psc.teragrid.org 2.6.32.29-0.3.1.2687.3.PTF-default #1 SMP 2011-02-25 13:36:59 +0100 x86_64
User Name (ID)                   : bparr (45460)
Group Name (ID)                  : ac3bdhp (13825)
Project Name (ID)                : ? (0)
Job ID                           : 0x8885
Report Starts                    : 04/21/11 02:56:31
Report Ends                      : 04/21/11 04:12:08
Elapsed Time                     :         4537      Seconds
User CPU Time                    :        44868.5000 Seconds
System CPU Time                  :           20.4480 Seconds
CPU Time Core Memory Integral    :       279592.1971 Mbyte-seconds
CPU Time Virtual Memory Integral :     18925963.1894 Mbyte-seconds
Maximum Core Memory Used         :            9.1094 Mbytes
Maximum Virtual Memory Used      :          658.9141 Mbytes
Characters Read                  :            4.2434 Mbytes
Characters Written               :            0.1013 Mbytes
Logical I/O Read Requests        :         5278
Logical I/O Write Requests       :          185
CPU Delay                        :            3.2689 Seconds
Block I/O Delay                  :            0.8473 Seconds
Swap In Delay                    :            0.0000 Seconds
Number of Commands               :          320
System Billing Units             :            0.0000
